	NoOrder	MR	Krisk	Kdegree	Degree	eigenc
PL_001	0.5534990999099909	0.31582979726544086	0.23921499292786413	0.2210553425284725	0.2196817947690723	0.2545928003204944
PL_002	0.5622679455445545	0.4336734693877551	0.3461415816326531	0.3243347772277228	0.31953898514851486	0.31969368811881194
PL_003	0.5459999999999999	0.21764705882352942	0.2764705882352941	0.20901960784313725	0.20509803921568628	0.21450980392156863
PL_004	0.5206235647412117	0.46612394957983194	0.3664988517929694	0.3665871754107049	0.3715332980038863	0.38434022257551675
PL_005	0.563929292929293	0.4380497714575927	0.28702317290552587	0.29352177234530175	0.30183346065699007	0.34824038706391647
PL_006	0.5180966574409197	0.4374460742018982	0.40638481449525454	0.3934426229508196	0.3988352027610009	0.39322691975841234
PL_007	0.48781179138321995	0.4465130023640662	0.3460401891252955	0.32291666666666663	0.3292824074074074	0.35127314814814814
PL_008	0.5910087719298246	0.4786184210526316	0.4446271929824561	0.4369517543859649	0.4424342105263158	0.4385964912280701
PL_009	0.5299014304603917	0.43305084745762723	0.25991705733862247	0.2691128741435269	0.25727250871498986	0.3195396081259767
PL_010	0.6094836146971201	0.5085650446871895	0.47939424031777567	0.47740814299900697	0.48920059582919573	0.4973932472691162
PL_011	0.6094674556213018	0.4169230769230769	0.3861538461538462	0.4107692307692308	0.3769230769230769	0.3984615384615385
PL_012	0.5797371303395401	0.34510932105868813	0.2896432681242809	0.3042128603104212	0.27627494456762747	0.31729490022172946
PL_013	0.5206473214285714	0.471797052154195	0.3402777777777778	0.3289620535714286	0.33290816326530615	0.3828125
PL_014	0.5620745355947847	0.4377967711301044	0.3950617283950617	0.3685897435897435	0.38983855650522314	0.46794871794871795
PL_015	0.56409629326296	0.47795989906256064	0.4045195385499568	0.39887891693975347	0.4054996060699483	0.41768479506122086
PL_016	0.5394895388322927	0.46888655345981534	0.3832070357873777	0.32114689451199474	0.3682495344506518	0.39462153576514414
PL_017	0.5984392282167875	0.45793000744601636	0.427368809143419	0.41827454835934624	0.4246651099913973	0.4234361558313875
PL_018	0.5724608724608725	0.44976525821596247	0.3401073105298458	0.3429242119382965	0.3430583501006037	0.35848423876592894
PL_019	0.5813886210221794	0.4440677966101695	0.3261545940690325	0.3085561497326203	0.3039863879436072	0.3265435099659699
PL_020	0.5274725274725275	0.44329255650010363	0.3680281982168775	0.34350834350834347	0.3782051282051282	0.3893976393976394
PL_021	0.5310211332194128	0.45634833137881986	0.24994390123495336	0.2134377518346735	0.25312938545837804	0.4070701634494948
PL_022	0.4931623931623932	0.4183970856102004	0.34444444444444444	0.2850694444444445	0.3125	0.38581196581196575
PL_023	0.48946629213483145	0.4327107279693486	0.3255906768837803	0.28105044699872284	0.3222381864623244	0.2901500638569604
PL_024	0.5119047619047618	0.5027777777777778	0.35277777777777775	0.3444444444444444	0.29166666666666663	0.33888888888888885
PL_025	0.55762987012987	0.45292207792207784	0.4448051948051947	0.4517045454545454	0.4586038961038961	0.45819805194805185
PL_026	0.3658339547601293	0.32449978714346533	0.23595146871008943	0.21424010217113668	0.2344614729672201	0.19699872286079187
PL_027	0.5567567567567568	0.45901826484018265	0.26058558558558564	0.26801801801801806	0.25743243243243247	0.2912162162162163
PL_028	0.5585587396004984	0.4444668983913992	0.35688303289952306	0.3447174844394148	0.3450812383800824	0.3743432220515722
PL_029	0.5716254849908107	0.42704160246533135	0.31242248863166594	0.30135797426996125	0.3100454733360893	0.3271901163977946
PL_030	0.5508613617719442	0.4657681940700809	0.34511405237961135	0.25088870659010115	0.2629204265791633	0.3479628110473065
PL_031	0.45283446712018144	0.3189675870348139	0.22131519274376418	0.26031746031746034	0.21451247165532877	0.28662131519274375
PL_032	0.5093240093240093	0.43221690590111644	0.38655788655788664	0.37878787878787884	0.38111888111888115	0.3951048951048951
PL_033	0.600383631713555	0.5326086956521741	0.48849104859335035	0.4910485933503836	0.48849104859335035	0.5159846547314578
PL_034	0.5582291666666667	0.44890624999999995	0.36359374999999994	0.35838541666666657	0.3481770833333333	0.3663541666666667
PL_035	0.6416666666666667	0.36363636363636365	0.34280303030303033	0.3500631313131314	0.3276515151515152	0.3595328282828283
PL_036	0.4861111111111111	0.37083333333333335	0.28750000000000003	0.2785087719298246	0.2828947368421053	0.29166666666666674
PL_037	0.49668367346938774	0.40104166666666663	0.2767857142857143	0.2645408163265306	0.24464285714285716	0.2997448979591837
PL_038	0.5206511175898931	0.43658892128279886	0.36613216715257535	0.3748785228377065	0.3816812439261419	0.43658892128279886
PL_039	0.5605794556628622	0.4274217149546386	0.31094527363184077	0.3036289142522681	0.3062628036289142	0.30831138425519466
PL_040	0.5721267273340073	0.40415785764622975	0.350547195622435	0.3040873854827344	0.3150105708245244	0.4164138860802157
PL_041	0.5218878248974008	0.43939393939393945	0.32381959126145177	0.33439041578576467	0.3234672304439747	0.35499316005471954
PL_042	0.39444444444444443	0.3833333333333333	0.31666666666666665	0.31666666666666665	0.33333333333333326	0.31666666666666665
PL_043	0.5639404788543299	0.45765899247777525	0.3589582858445407	0.3555781391147245	0.36303071364046974	0.39588979223125575
PL_044	0.5182102037187153	0.4410334346504559	0.23269515191745566	0.20556283039914644	0.22303169291384045	0.3668957665029249
PL_045	0.5721153846153846	0.4246361746361747	0.3012820512820513	0.3555226824457594	0.326923076923077	0.34960552268244577
PL_046	0.6134437596302004	0.505970724191063	0.49942218798151006	0.5017334360554698	0.4990369799691834	0.4986517719568567
PL_047	0.5317836812144212	0.4625907092536681	0.3675679949399115	0.3688593717056715	0.3654859793379717	0.3621652962260173
PL_048	0.5423648864726575	0.4715106574216743	0.3815238247521586	0.39185321394307643	0.39746562200191876	0.3998001279181324
PL_049	0.5335972754363559	0.4662222222222222	0.33675213675213683	0.330242656449553	0.3448717948717949	0.3959557258407833
PL_050	0.5351190476190476	0.406832298136646	0.3204968944099379	0.33035714285714285	0.35059523809523807	0.3214285714285714
PL_051	0.5236785329018339	0.43801742919389974	0.3281014023732471	0.32982740021574974	0.3412621359223301	0.37621359223300976
PL_052	0.5703871292106585	0.450197238658777	0.33157365510306686	0.3064353946706888	0.32855706385118144	0.33810960281548513
PL_053	0.5538455051442064	0.40461073318216173	0.20079365079365083	0.20446112329229213	0.19828042328042325	0.21543355634264721
PL_054	0.574474612670655	0.4337168277343151	0.2482052462034054	0.22753489799048934	0.2500306795520785	0.3287007209694739
PL_055	0.5414122914122914	0.44431057563587684	0.26498815775924206	0.24486664607146535	0.24641128617032232	0.3556894243641232
PL_056	0.550278488634653	0.41420363482415556	0.24900359853639362	0.23649036862318185	0.24592518673077501	0.3497847358121331
PL_057	0.5185282466218214	0.4597048186168852	0.23601393217984554	0.24998521833653983	0.23888909797803196	0.3355062378619802
PL_058	0.5898989898989899	0.4301166610035112	0.355136482047797	0.3692943708234228	0.3632914259825575	0.38401857515007365
PL_059	0.6753846153846153	0.40769230769230774	0.39230769230769236	0.4015384615384615	0.38615384615384624	0.39538461538461545
SD_001	0.537037037037037	0.4488536155202822	0.38007054673721336	0.3888888888888889	0.373015873015873	0.3853615520282187
SD_002	0.6140350877192983	0.4904761904761904	0.4783950617283951	0.49047619047619045	0.4783950617283951	0.49047619047619045
SD_003	0.41718750000000004	0.33333333333333337	0.3125	0.28289473684210525	0.30098684210526316	0.28289473684210525
SD_004	0.5828431372549019	0.25104166666666666	0.23749999999999996	0.22916666666666666	0.23333333333333328	0.24479166666666666
SD_005	0.4790209790209791	0.3646153846153846	0.24153846153846154	0.256923076923077	0.2692307692307693	0.256923076923077
SD_006	0.5525252525252525	0.34444444444444433	0.30987654320987645	0.3049382716049382	0.30987654320987645	0.3024691358024691
SD_007	0.6688311688311687	0.2432712215320911	0.2432712215320911	0.2432712215320911	0.2432712215320911	0.2432712215320911
SD_008	0.674	0.606	0.602	0.622	0.626	0.626
SD_009	0.5208333333333334	0.3935185185185185	0.3171296296296296	0.34027777777777773	0.33333333333333326	0.3009259259259259
SD_010	0.7046485260770975	0.48809523809523797	0.4926303854875283	0.5153061224489797	0.5039682539682538	0.5187074829931974
SD_011	0.5089285714285714	0.47360248447204967	0.46428571428571425	0.44047619047619035	0.4425465838509316	0.44047619047619035
SD_012	0.641215106732348	0.360344827586207	0.32931034482758625	0.3574712643678162	0.33793103448275863	0.36091954022988504
SD_013	0.6842105263157894	0.4771598808341609	0.5185185185185184	0.6052631578947368	0.5409356725146199	0.5896686159844053
SD_014	0.6029411764705883	0.49816176470588236	0.5183823529411765	0.5091911764705883	0.5110294117647058	0.5073529411764706
SD_015	0.5525686977299881	0.525089605734767	0.540621266427718	0.5310633213859021	0.544205495818399	0.529868578255675
SD_016	0.6153395784543324	0.49492583918813426	0.4841920374707259	0.4847775175644028	0.48185011709601866	0.485167837626854
SD_017	0.6331521739130435	0.5842391304347825	0.5733695652173914	0.5842391304347827	0.5733695652173914	0.5842391304347827
SD_018	0.5450721153846154	0.41123670212765956	0.1851728723404255	0.16788563829787234	0.1884973404255319	0.22307180851063826
SD_019	0.6716346153846153	0.35278497409326426	0.3732512953367876	0.38607512953367873	0.3814119170984456	0.4057642487046632
SD_020	0.5744284954811271	0.4134986225895317	0.412396694214876	0.4239669421487603	0.4140495867768595	0.4228650137741047
SD_021	0.6329365079365079	0.45941558441558444	0.4630952380952381	0.4610389610389611	0.46590909090909094	0.46266233766233766
SD_022	0.6191887226697353	0.3681233557439345	0.3518818760856977	0.350752750434279	0.352518818760857	0.38138390272148226
SD_023	0.6534090909090909	0.38602941176470584	0.39338235294117646	0.38602941176470584	0.38602941176470584	0.38602941176470584
SD_024	0.5714285714285714	0.49159663865546216	0.5168067226890757	0.5079365079365079	0.5079365079365079	0.5079365079365079
SD_025	0.553030303030303	0.46212121212121215	0.4772727272727273	0.46212121212121215	0.4772727272727273	0.46212121212121215
SD_026	0.36666666666666664	0.4166666666666667	0.4166666666666667	0.4166666666666667	0.4166666666666667	0.4166666666666667
SD_027	0.47500000000000003	0.47115384615384615	0.47115384615384615	0.47115384615384615	0.47115384615384615	0.47115384615384615
SD_028	0.5833333333333333	0.4454545454545455	0.4454545454545455	0.4454545454545455	0.4454545454545455	0.4454545454545455
SD_029	0.5333333333333334	0.46666666666666673	0.46666666666666673	0.46666666666666673	0.46666666666666673	0.46666666666666673
SD_030	0.48214285714285715	0.45833333333333326	0.45833333333333326	0.45833333333333326	0.45833333333333326	0.45833333333333326
