	NoOrder	MR	Krisk	Kdegree	Degree	eigenc
PL_001	0.6060981098109812	0.31582979726544086	0.23715228665723714	0.2211125736851142	0.22168488525153093	0.25465003147713605
PL_002	0.5808823529411764	0.4336734693877551	0.3410395408163266	0.3244894801980198	0.32108601485148514	0.31969368811881194
PL_003	0.5179999999999999	0.21764705882352942	0.27568627450980393	0.20901960784313725	0.20117647058823532	0.21450980392156863
PL_004	0.514882529588412	0.46612394957983194	0.3694135311782371	0.3797473944532768	0.374271330153683	0.38434022257551675
PL_005	0.5721111111111111	0.4380497714575927	0.2976063152533741	0.2929615482556659	0.29169849758085054	0.34824038706391647
PL_006	0.5268256333830105	0.4374460742018982	0.4046591889559965	0.3934426229508196	0.3971095772217428	0.39322691975841234
PL_007	0.5212585034013606	0.4465130023640662	0.3531323877068558	0.324074074074074	0.3292824074074074	0.35127314814814814
PL_008	0.5712719298245615	0.4786184210526316	0.42872807017543857	0.4369517543859649	0.4446271929824561	0.4385964912280701
PL_009	0.5344692871739393	0.43305084745762723	0.2543875465801179	0.2718776295227793	0.25883519653804543	0.3195396081259767
PL_010	0.6104766633565043	0.5085650446871895	0.48510427010923546	0.4784011916583913	0.4811320754716981	0.4973932472691162
PL_011	0.636094674556213	0.4169230769230769	0.3861538461538461	0.4107692307692308	0.3646153846153846	0.3984615384615385
PL_012	0.556736035049288	0.34510932105868813	0.27698504027617965	0.3037694013303769	0.27671840354767174	0.31729490022172946
PL_013	0.5122767857142858	0.471797052154195	0.3550170068027211	0.3267299107142857	0.3482142857142857	0.3828125
PL_014	0.5654205607476634	0.4377967711301044	0.39209401709401703	0.3714387464387464	0.40028490028490027	0.46794871794871795
PL_015	0.5674841508174842	0.47795989906256064	0.39908825174984874	0.3992766530789345	0.4029628487803393	0.41768479506122086
PL_016	0.5309179537736882	0.46888655345981534	0.386359865036783	0.32114689451199474	0.36885201007777413	0.39462153576514414
PL_017	0.5935234115767483	0.45793000744601636	0.4258940641514071	0.4181516529433452	0.42601695956740815	0.4234361558313875
PL_018	0.5764568764568766	0.44976525821596247	0.33628437290409124	0.3423205902079142	0.3456740442655936	0.35848423876592894
PL_019	0.5531340405014467	0.4440677966101695	0.3121536217792902	0.30787554691298	0.31069518716577543	0.3265435099659699
PL_020	0.5161782661782661	0.44329255650010363	0.3609786439975119	0.3419820919820919	0.3766788766788766	0.3893976393976394
PL_021	0.5233363261602031	0.45634833137881986	0.2469252998600946	0.21358799896192893	0.24902095459609866	0.4070701634494948
PL_022	0.4702564102564102	0.4183970856102004	0.33351548269581066	0.2822916666666667	0.3159722222222223	0.38581196581196575
PL_023	0.5217696629213483	0.4327107279693486	0.30451787994891444	0.2823275862068965	0.30595466155810985	0.2901500638569604
PL_024	0.5357142857142857	0.5027777777777778	0.31111111111111106	0.33888888888888885	0.3083333333333333	0.33888888888888885
PL_025	0.5515422077922076	0.45292207792207784	0.4366883116883116	0.4545454545454545	0.4504870129870129	0.45819805194805185
PL_026	0.712962962962963	0.32449978714346533	0.2219029374201788	0.21530438484461475	0.24233716475095785	0.19827586206896555
PL_027	0.5693693693693695	0.45901826484018265	0.2675675675675676	0.26801801801801806	0.268918918918919	0.2912162162162163
PL_028	0.5506812427153249	0.4444668983913992	0.3494867027726133	0.3415245331824428	0.3499312909223183	0.3743432220515722
PL_029	0.5923524606902185	0.42704160246533135	0.3128358825961141	0.30176638758423524	0.29839697774147433	0.3271901163977946
PL_030	0.5697292863002462	0.4657681940700809	0.30568853843987603	0.2495214656822532	0.25909215203718905	0.3465955701394585
PL_031	0.5596011131725417	0.3189675870348139	0.22131519274376416	0.2600907029478458	0.22426303854875285	0.28662131519274375
PL_032	0.49533799533799533	0.43221690590111644	0.3842268842268843	0.38500388500388505	0.3943278943278944	0.3951048951048951
PL_033	0.5888746803069054	0.5326086956521741	0.501918158567775	0.4910485933503836	0.4936061381074168	0.5159846547314578
PL_034	0.5307291666666666	0.44890624999999995	0.3700520833333333	0.35968749999999994	0.3555729166666667	0.3663541666666667
PL_035	0.4892939814814815	0.36363636363636365	0.3522727272727273	0.34943181818181823	0.3140782828282829	0.3595328282828283
PL_036	0.5456349206349207	0.37083333333333335	0.3179824561403509	0.2785087719298246	0.2960526315789473	0.29166666666666674
PL_037	0.5538265306122448	0.40104166666666663	0.2721938775510204	0.2660714285714285	0.24821428571428572	0.2997448979591837
PL_038	0.5094752186588922	0.43658892128279886	0.3559280855199223	0.37876579203109817	0.3651603498542274	0.43658892128279886
PL_039	0.5845771144278606	0.4274217149546386	0.30567749487854845	0.3045068773778168	0.30597014925373134	0.30831138425519466
PL_040	0.5347152005392652	0.40415785764622975	0.3297944051230199	0.30338266384778023	0.29985905567300924	0.4164138860802157
PL_041	0.587293562521065	0.43939393939393945	0.32593375616631437	0.33439041578576467	0.31642001409443277	0.35499316005471954
PL_042	0.44999999999999996	0.3833333333333333	0.33333333333333326	0.31666666666666665	0.31666666666666665	0.31666666666666665
PL_043	0.5534235846945625	0.45765899247777525	0.36226350581262823	0.35602981029810304	0.35602981029810304	0.39588979223125575
PL_044	0.5204503936498699	0.4410334346504559	0.22692356962349625	0.2056528998912238	0.23025803754743082	0.3668911475546132
PL_045	0.5673076923076923	0.4246361746361747	0.3032544378698225	0.3604536489151874	0.2963510848126233	0.34960552268244577
PL_046	0.6034283513097072	0.505970724191063	0.4978813559322034	0.5017334360554698	0.5021186440677965	0.4986517719568567
PL_047	0.5292009276829011	0.4625907092536681	0.367910605102256	0.36870124393843556	0.3724436010963525	0.3621652962260173
PL_048	0.5404461144867285	0.4715106574216743	0.3906379916853214	0.3922529581068116	0.3832187400063959	0.3998001279181324
PL_049	0.5594295444870158	0.4662222222222222	0.3347863247863248	0.328590889740315	0.338017094017094	0.3959557258407833
PL_050	0.5720238095238095	0.406832298136646	0.3614906832298137	0.32976190476190476	0.3476190476190476	0.3214285714285714
PL_051	0.5437432578209278	0.43801742919389974	0.3312297734627832	0.33522114347357074	0.3421251348435815	0.37621359223300976
PL_052	0.5839617898441427	0.450197238658777	0.31598793363499245	0.2973856209150327	0.32202111613876316	0.33810960281548513
PL_053	0.5408772324356741	0.40461073318216173	0.210213529856387	0.20443301287457133	0.2008125472411187	0.21521804314012102
PL_054	0.5575288957924072	0.4337168277343151	0.24880349746893696	0.22722810246970393	0.24851971161221045	0.3287007209694739
PL_055	0.5492877492877493	0.44431057563587684	0.26861291319122643	0.2449696220780558	0.24838842549685924	0.3556894243641232
PL_056	0.5439921722113503	0.41420363482415556	0.2385527230941365	0.23615773080528593	0.24511476004717409	0.3497847358121331
PL_057	0.5258247031159746	0.4597048186168852	0.23698220499327682	0.24990903591716815	0.2386067486253053	0.3355062378619802
PL_058	0.557351290684624	0.4301166610035112	0.3580813229131272	0.36952089704383284	0.36566995129686264	0.38401857515007365
PL_059	0.6384615384615384	0.40769230769230774	0.3892307692307693	0.3923076923076924	0.4015384615384615	0.39538461538461545
SD_001	0.5493827160493827	0.4488536155202822	0.3800705467372134	0.3853615520282187	0.3818342151675485	0.3853615520282187
SD_002	0.6595441595441596	0.4904761904761904	0.4783950617283951	0.49047619047619045	0.49047619047619045	0.49047619047619045
SD_003	0.590625	0.33333333333333337	0.3159722222222222	0.28289473684210525	0.3125	0.28289473684210525
SD_004	0.614795918367347	0.25104166666666666	0.2302083333333333	0.22916666666666666	0.22604166666666664	0.24479166666666666
SD_005	0.6608391608391608	0.3646153846153846	0.2476923076923077	0.256923076923077	0.27846153846153854	0.256923076923077
SD_006	0.6125	0.34444444444444433	0.30740740740740735	0.3049382716049382	0.31234567901234556	0.3024691358024691
SD_007	0.40890269151138714	0.2432712215320911	0.2432712215320911	0.2432712215320911	0.2432712215320911	0.2432712215320911
SD_008	0.658	0.606	0.606	0.622	0.614	0.626
SD_009	0.3680555555555555	0.3935185185185185	0.3518518518518518	0.33564814814814814	0.32870370370370366	0.3009259259259259
SD_010	0.638888888888889	0.48809523809523797	0.4926303854875283	0.5153061224489797	0.5051020408163265	0.5187074829931974
SD_011	0.5922619047619048	0.47360248447204967	0.4580745341614906	0.44047619047619035	0.46118012422360244	0.44047619047619035
SD_012	0.616584564860427	0.360344827586207	0.3298850574712644	0.3574712643678162	0.33908045977011503	0.36091954022988504
SD_013	0.6539961013645224	0.4771598808341609	0.5185185185185184	0.6052631578947368	0.5467836257309941	0.5896686159844053
SD_014	0.6654411764705883	0.49816176470588236	0.5128676470588236	0.5073529411764706	0.5091911764705883	0.5073529411764706
SD_015	0.553763440860215	0.525089605734767	0.540621266427718	0.527479091995221	0.53584229390681	0.529868578255675
SD_016	0.6096799375487899	0.49492583918813426	0.4857533177205309	0.485167837626854	0.4802888368462138	0.485167837626854
SD_017	0.6222826086956521	0.5842391304347825	0.5733695652173914	0.5842391304347827	0.5951086956521738	0.5842391304347827
SD_018	0.5919331395348837	0.41123670212765956	0.18317819148936168	0.16788563829787234	0.171875	0.22307180851063826
SD_019	0.5859299516908213	0.35278497409326426	0.3731217616580311	0.38607512953367873	0.3794689119170984	0.4057642487046632
SD_020	0.5861244019138756	0.4134986225895317	0.41570247933884297	0.4212121212121212	0.4206611570247934	0.4228650137741047
SD_021	0.5781746031746031	0.45941558441558444	0.46022727272727276	0.46185064935064934	0.4618506493506494	0.46266233766233766
SD_022	0.625402761795167	0.3681233557439345	0.3531268094962363	0.350752750434279	0.35165026056745813	0.38138390272148226
SD_023	0.5446428571428571	0.38602941176470584	0.39338235294117646	0.38602941176470584	0.38602941176470584	0.38602941176470584
SD_024	0.5634920634920634	0.49159663865546216	0.49999999999999994	0.5079365079365079	0.5079365079365079	0.5079365079365079
SD_025	0.5138888888888888	0.46212121212121215	0.46212121212121215	0.46212121212121215	0.4772727272727273	0.46212121212121215
SD_026	0.5	0.4166666666666667	0.4166666666666667	0.4166666666666667	0.4166666666666667	0.4166666666666667
SD_027	0.47115384615384615	0.47115384615384615	0.47115384615384615	0.47115384615384615	0.47115384615384615	0.47115384615384615
SD_028	0.5833333333333333	0.4454545454545455	0.4454545454545455	0.4454545454545455	0.4454545454545455	0.4454545454545455
SD_029	0.425	0.46666666666666673	0.46666666666666673	0.46666666666666673	0.46666666666666673	0.46666666666666673
SD_030	0.5	0.45833333333333326	0.45833333333333326	0.45833333333333326	0.45833333333333326	0.45833333333333326
