	NoOrder	MR	Krisk	Kdegree	Degree	eigenc
PL_001	0.5894464446444643	0.31582979726544086	0.24298679867986797	0.22105534252847248	0.2239169003605563	0.2545928003204944
PL_002	0.5775122549019609	0.4336734693877551	0.3478954081632653	0.3243347772277228	0.3198483910891089	0.31984839108910895
PL_003	0.44315789473684203	0.21764705882352942	0.2419607843137255	0.20980392156862746	0.19725490196078432	0.21450980392156863
PL_004	0.5237148913619502	0.46612394957983194	0.3736530648295354	0.3749779190955662	0.3688835894718248	0.38434022257551675
PL_005	0.5732020202020203	0.4380497714575927	0.29762668703845174	0.2931448943213649	0.29546727782021903	0.34824038706391647
PL_006	0.5438577815626995	0.4374460742018982	0.3971095772217428	0.3934426229508196	0.4078947368421052	0.39322691975841234
PL_007	0.5450680272108844	0.4465130023640662	0.3619976359338062	0.32407407407407407	0.33738425925925924	0.35127314814814814
PL_008	0.5646929824561405	0.4786184210526316	0.4369517543859649	0.4369517543859649	0.431469298245614	0.4385964912280701
PL_009	0.5231698521456906	0.43305084745762723	0.2633429498737829	0.2692330808991466	0.26628801538646474	0.3195396081259767
PL_010	0.6051390268123137	0.5085650446871895	0.471201588877855	0.4784011916583913	0.4784011916583913	0.4973932472691162
PL_011	0.5236686390532543	0.4169230769230769	0.3861538461538462	0.4107692307692308	0.3923076923076923	0.3984615384615385
PL_012	0.5670317634173058	0.34510932105868813	0.289873417721519	0.3019955654101995	0.26895787139689575	0.31729490022172946
PL_013	0.509765625	0.471797052154195	0.3436791383219955	0.3329081632653061	0.3550170068027211	0.3828125
PL_014	0.5703819083881388	0.4377967711301044	0.4027777777777778	0.3679962013295346	0.38473409306742634	0.46794871794871795
PL_015	0.5682386932386932	0.47795989906256064	0.4008143124112706	0.3988636925899284	0.4029742670427081	0.41768479506122086
PL_016	0.5499780917953774	0.46888655345981534	0.37441230156535205	0.32207799320845654	0.37213824077116875	0.39462153576514414
PL_017	0.5942607840727541	0.45793000744601636	0.42798328622342396	0.41962639793535705	0.427245913727418	0.4234361558313875
PL_018	0.59004329004329	0.44976525821596247	0.3426559356136822	0.3418511066398391	0.3427900737759893	0.35848423876592894
PL_019	0.5622950819672131	0.4440677966101695	0.3210014584346134	0.3083616917841516	0.3176956733106465	0.3265435099659699
PL_020	0.5448717948717949	0.44329255650010363	0.3624300228073813	0.34462759462759457	0.36803011803011804	0.3893976393976394
PL_021	0.5276807522615151	0.45634833137881986	0.24691749481452288	0.2136211704056087	0.2530498042496365	0.4070701634494948
PL_022	0.5064957264957266	0.4183970856102004	0.32367941712204007	0.2815972222222223	0.3027777777777778	0.38581196581196575
PL_023	0.4977372034956305	0.4327107279693486	0.320801404853129	0.28823435504469985	0.31824712643678166	0.2899904214559387
PL_024	0.5303030303030304	0.5027777777777778	0.33055555555555555	0.3305555555555555	0.3222222222222222	0.33888888888888885
PL_025	0.5604707792207793	0.45292207792207784	0.43303571428571425	0.4517045454545454	0.44926948051948046	0.45819805194805185
PL_026	0.4297166293810589	0.32449978714346533	0.22892720306513412	0.21551724137931033	0.2208386547467007	0.19699872286079187
PL_027	0.5087837837837839	0.45901826484018265	0.2684684684684685	0.26801801801801806	0.2768018018018018	0.2912162162162163
PL_028	0.5581197962977932	0.4444668983913992	0.3563980276452995	0.3469808422924582	0.34920378304098293	0.3743432220515722
PL_029	0.5641719420053094	0.42704160246533135	0.3063249276560562	0.30161323259138245	0.30886256891974667	0.3271901163977946
PL_030	0.4917965545529122	0.4657681940700809	0.340326668544072	0.2508887065901012	0.2653814602132896	0.3471424665025977
PL_031	0.44648526077097506	0.3189675870348139	0.23015873015873015	0.2600907029478458	0.22154195011337866	0.28662131519274375
PL_032	0.5233100233100233	0.43221690590111644	0.37956487956487955	0.3803418803418804	0.38733488733488736	0.3951048951048951
PL_033	0.5843989769820973	0.5326086956521741	0.4955242966751918	0.4910485933503836	0.487851662404092	0.5159846547314578
PL_034	0.5140104166666666	0.44890624999999995	0.34770833333333334	0.3591666666666666	0.34453125	0.3663541666666667
PL_035	0.6079282407407407	0.36363636363636365	0.34943181818181823	0.3500631313131314	0.329229797979798	0.3595328282828283
PL_036	0.39484126984126977	0.37083333333333335	0.2916666666666667	0.2785087719298246	0.2828947368421053	0.29166666666666674
PL_037	0.4691326530612244	0.40104166666666663	0.27372448979591835	0.2660714285714285	0.24515306122448982	0.2997448979591837
PL_038	0.5512633624878523	0.43658892128279886	0.36030126336248786	0.3763362487852284	0.3423226433430515	0.43658892128279886
PL_039	0.5275095112671934	0.4274217149546386	0.2948492829967808	0.3045068773778168	0.3074334211296459	0.30831138425519466
PL_040	0.5357263228850692	0.40415785764622975	0.3517020559487698	0.30338266384778023	0.31219168428470756	0.4164138860802157
PL_041	0.5481968318166498	0.43939393939393945	0.3160676532769557	0.33439041578576467	0.3262861169837915	0.35499316005471954
PL_042	0.5833333333333334	0.3833333333333333	0.31666666666666665	0.31666666666666665	0.31666666666666665	0.31666666666666665
PL_043	0.547717610203625	0.45765899247777525	0.35759060861636655	0.35602981029810304	0.35523938572719066	0.39588979223125575
PL_044	0.5255566410084088	0.4410334346504559	0.23954279192723799	0.20585844309109258	0.22253053702202547	0.3668957665029249
PL_045	0.4788461538461538	0.4246361746361747	0.3101577909270217	0.3555226824457594	0.29142011834319526	0.34960552268244577
PL_046	0.5964946070878273	0.505970724191063	0.4963405238828968	0.5017334360554698	0.5009630200308166	0.4986517719568567
PL_047	0.5349462365591398	0.4625907092536681	0.3699135568205777	0.3686748893105629	0.37107316044697447	0.3621652962260173
PL_048	0.5358250719539495	0.4715106574216743	0.38566517428845537	0.3923488967061081	0.39377198592900536	0.3998001279181324
PL_049	0.5472030651340996	0.4662222222222222	0.3372478632478632	0.3278586632609621	0.3327117922520221	0.3959557258407833
PL_050	0.5839285714285714	0.406832298136646	0.36645962732919257	0.33035714285714285	0.3327380952380953	0.3214285714285714
PL_051	0.5387810140237325	0.43801742919389974	0.3293959007551241	0.330151024811219	0.3411542610571737	0.37621359223300976
PL_052	0.5271493212669682	0.450197238658777	0.32352941176470584	0.30040221216691804	0.3129713423831071	0.33810960281548513
PL_053	0.534364985663687	0.40461073318216173	0.2051492819349962	0.20461104552013643	0.2005763416477702	0.21556473829201098
PL_054	0.5579324470434159	0.4337168277343151	0.24133302653781252	0.2275885872066268	0.2435342843994478	0.3287007209694739
PL_055	0.5658933658933659	0.44431057563587684	0.25957161981258364	0.24476367006487487	0.24630831016373186	0.3556894243641232
PL_056	0.5461237392744243	0.41420363482415556	0.24738879312951706	0.23656294414708637	0.2528259094620339	0.3497847358121331
PL_057	0.5252959743845143	0.4597048186168852	0.2372798719005861	0.2495474536879113	0.23498065165102489	0.3355062378619802
PL_058	0.5805836139169472	0.4301166610035112	0.3601200588968173	0.3697474232642428	0.36940763393362785	0.38401857515007365
PL_059	0.5738461538461538	0.40769230769230774	0.3984615384615385	0.39538461538461545	0.39538461538461545	0.39538461538461545
SD_001	0.5299823633156966	0.4488536155202822	0.3659611992945326	0.3888888888888889	0.36772486772486773	0.3853615520282187
SD_002	0.5997150997150997	0.4904761904761904	0.4783950617283951	0.49047619047619045	0.4783950617283951	0.49047619047619045
SD_003	0.4767628205128205	0.33333333333333337	0.3263888888888889	0.28289473684210525	0.3026315789473684	0.28289473684210525
SD_004	0.5867647058823529	0.25104166666666666	0.22708333333333328	0.22916666666666666	0.23229166666666665	0.24479166666666666
SD_005	0.5521091811414393	0.3646153846153846	0.26615384615384624	0.26923076923076933	0.28153846153846157	0.256923076923077
SD_006	0.5370370370370369	0.34444444444444433	0.3024691358024691	0.3049382716049382	0.30493827160493825	0.3024691358024691
SD_007	0.6449275362318841	0.2432712215320911	0.2432712215320911	0.2432712215320911	0.2432712215320911	0.2432712215320911
SD_008	0.67	0.606	0.602	0.622	0.626	0.626
SD_009	0.48611111111111105	0.3935185185185185	0.32870370370370366	0.34259259259259256	0.324074074074074	0.3009259259259259
SD_010	0.6060090702947847	0.48809523809523797	0.4926303854875283	0.5153061224489797	0.5051020408163265	0.5187074829931974
SD_011	0.6428571428571429	0.47360248447204967	0.47360248447204967	0.44047619047619035	0.45186335403726696	0.44047619047619035
SD_012	0.5974274767378215	0.360344827586207	0.3298850574712644	0.3574712643678162	0.34310344827586214	0.36091954022988504
SD_013	0.6678252234359484	0.4771598808341609	0.5185185185185184	0.6052631578947368	0.5409356725146198	0.5896686159844053
SD_014	0.636029411764706	0.49816176470588236	0.5073529411764706	0.5073529411764706	0.5073529411764706	0.5073529411764706
SD_015	0.550179211469534	0.525089605734767	0.5418160095579451	0.5310633213859021	0.538231780167264	0.529868578255675
SD_016	0.6293911007025762	0.49492583918813426	0.4785323965651834	0.4847775175644028	0.4841920374707259	0.485167837626854
SD_017	0.6005434782608696	0.5842391304347825	0.5733695652173914	0.5842391304347827	0.5951086956521738	0.5842391304347827
SD_018	0.44771634615384615	0.41123670212765956	0.19780585106382978	0.16722074468085105	0.191156914893617	0.22307180851063826
SD_019	0.5974759615384615	0.35278497409326426	0.3728626943005181	0.38607512953367873	0.38063471502590673	0.4057642487046632
SD_020	0.6339712918660287	0.4134986225895317	0.4146005509641873	0.421763085399449	0.41790633608815425	0.4228650137741047
SD_021	0.586111111111111	0.45941558441558444	0.45674603174603173	0.46022727272727276	0.46509740259740256	0.46266233766233766
SD_022	0.6417721518987342	0.3681233557439345	0.3515634047481181	0.350752750434279	0.3511001737116387	0.38138390272148226
SD_023	0.5	0.38602941176470584	0.39338235294117646	0.38602941176470584	0.38602941176470584	0.38602941176470584
SD_024	0.619047619047619	0.49159663865546216	0.5336134453781513	0.5079365079365079	0.5079365079365079	0.5079365079365079
SD_025	0.553030303030303	0.46212121212121215	0.46212121212121215	0.46212121212121215	0.46212121212121215	0.46212121212121215
SD_026	0.4166666666666667	0.4166666666666667	0.4166666666666667	0.4166666666666667	0.4166666666666667	0.4166666666666667
SD_027	0.425	0.47115384615384615	0.47115384615384615	0.47115384615384615	0.47115384615384615	0.47115384615384615
SD_028	0.5499999999999999	0.4454545454545455	0.4454545454545455	0.4454545454545455	0.4454545454545455	0.4454545454545455
SD_029	0.47500000000000003	0.46666666666666673	0.46666666666666673	0.46666666666666673	0.46666666666666673	0.46666666666666673
SD_030	0.40625	0.45833333333333326	0.45833333333333326	0.45833333333333326	0.45833333333333326	0.45833333333333326
