	NoOrder	MR	Krisk	Kdegree	Degree	eigenc
PL_001	0.5888276327632763	0.31582979726544086	0.23980433757661476	0.22122703599839752	0.22403136267383966	0.2545928003204944
PL_002	0.544012995049505	0.4336734693877551	0.3455038265306123	0.3243347772277228	0.32928527227722776	0.31969368811881194
PL_003	0.6446666666666667	0.21764705882352942	0.27019607843137255	0.20980392156862746	0.2019607843137255	0.21450980392156863
PL_004	0.5213301536830948	0.46612394957983194	0.3577548136371666	0.3782458929517753	0.3689719130895602	0.38434022257551675
PL_005	0.5738787878787879	0.4380497714575927	0.2962515915457092	0.29346065699006874	0.2996842373312961	0.34824038706391647
PL_006	0.551948051948052	0.4374460742018982	0.41199309749784296	0.39301121656600513	0.40228645383951683	0.39322691975841234
PL_007	0.5938208616780047	0.4465130023640662	0.3614066193853428	0.32291666666666663	0.33217592592592593	0.35127314814814814
PL_008	0.5542763157894736	0.4786184210526316	0.43859649122807015	0.4369517543859649	0.4325657894736841	0.4385964912280701
PL_009	0.5381956965981488	0.43305084745762723	0.2736206274792644	0.26827142685418925	0.2567916816925111	0.3195396081259767
PL_010	0.6081181727904666	0.5085650446871895	0.47380834160873886	0.4790218470705065	0.47964250248262164	0.4973932472691162
PL_011	0.57396449704142	0.4169230769230769	0.4107692307692307	0.4107692307692308	0.3830769230769231	0.3984615384615385
PL_012	0.5032858707557504	0.34510932105868813	0.29585730724971226	0.3037694013303769	0.2729490022172948	0.31729490022172946
PL_013	0.5170200892857142	0.471797052154195	0.3550170068027211	0.3292410714285714	0.3409598214285714	0.3828125
PL_014	0.5509980385369793	0.4377967711301044	0.3950617283950617	0.3702516619183285	0.3973171889838556	0.46794871794871795
PL_015	0.5637019595352928	0.47795989906256064	0.4015260507655945	0.3990559000064704	0.4064454188028332	0.41768479506122086
PL_016	0.5370796363238033	0.46888655345981534	0.3824326566734886	0.32265308357980066	0.3779439149961661	0.39462153576514414
PL_017	0.5782843799926264	0.45793000744601636	0.4289664495514317	0.41962639793535705	0.4255253779034043	0.4234361558313875
PL_018	0.5912420912420913	0.44976525821596247	0.3433936955063716	0.34258886653252857	0.34922870556673374	0.35848423876592894
PL_019	0.5696239151398264	0.4440677966101695	0.3079727758872144	0.3086533787068546	0.3083616917841517	0.3265435099659699
PL_020	0.5396825396825398	0.44329255650010363	0.3713456354965789	0.342083842083842	0.3633630520422973	0.3893976393976394
PL_021	0.5246261379982815	0.45634833137881986	0.24765897414383528	0.21356848634799966	0.24461500637086842	0.4070701634494948
PL_022	0.4429059829059829	0.4183970856102004	0.3754098360655738	0.2895833333333334	0.3052083333333334	0.38581196581196575
PL_023	0.5163077403245943	0.4327107279693486	0.32638888888888895	0.28552043422733075	0.31265964240102173	0.2901500638569604
PL_024	0.5542328042328042	0.5027777777777778	0.34444444444444444	0.34722222222222215	0.32499999999999996	0.33888888888888885
PL_025	0.5653409090909091	0.45292207792207784	0.44074675324675316	0.4545454545454545	0.44926948051948046	0.45819805194805185
PL_026	0.4679965200099428	0.32449978714346533	0.22147722435078762	0.21530438484461473	0.2344614729672201	0.19699872286079187
PL_027	0.5430180180180182	0.45901826484018265	0.26351351351351354	0.26711711711711716	0.2822072072072072	0.2912162162162163
PL_028	0.5165990112937583	0.4444668983913992	0.34346455419933714	0.34669792256082776	0.34811252121897984	0.3743432220515722
PL_029	0.6036859301613233	0.42704160246533135	0.30560148821827204	0.3033489891770471	0.31051054154609337	0.3271901163977946
PL_030	0.5304582210242588	0.4657681940700809	0.34567727400732184	0.2492480175006836	0.28260869565217395	0.3479628110473065
PL_031	0.5403361344537816	0.3189675870348139	0.2251700680272109	0.26054421768707486	0.21723356009070294	0.28662131519274375
PL_032	0.5132090132090131	0.43221690590111644	0.3873348873348874	0.37878787878787884	0.3842268842268843	0.3951048951048951
PL_033	0.5607416879795397	0.5326086956521741	0.501918158567775	0.4910485933503836	0.48529411764705876	0.5159846547314578
PL_034	0.5595833333333333	0.44890624999999995	0.35890625	0.3594270833333333	0.34630208333333334	0.3663541666666667
PL_035	0.5298032407407408	0.36363636363636365	0.34690656565656575	0.34943181818181823	0.33491161616161624	0.3595328282828283
PL_036	0.5654761904761905	0.37083333333333335	0.3125	0.2785087719298246	0.2785087719298246	0.29166666666666674
PL_037	0.5094387755102041	0.40104166666666663	0.2538265306122449	0.2645408163265306	0.26811224489795915	0.2997448979591837
PL_038	0.5527210884353742	0.43658892128279886	0.36273080660835766	0.37925170068027214	0.36904761904761907	0.43658892128279886
PL_039	0.590137547556336	0.4274217149546386	0.30889669300556044	0.3045068773778168	0.30304360550190224	0.30831138425519466
PL_040	0.47058823529411764	0.40415785764622975	0.3591169531513313	0.3040873854827344	0.3033826638477802	0.4164138860802157
PL_041	0.5997640714526457	0.43939393939393945	0.31642001409443277	0.33439041578576467	0.324524312896406	0.35499316005471954
PL_042	0.31666666666666665	0.3833333333333333	0.31666666666666665	0.31666666666666665	0.31666666666666665	0.31666666666666665
PL_043	0.5903445961065115	0.45765899247777525	0.3659106450877593	0.35602981029810304	0.35930442637759713	0.39588979223125575
PL_044	0.5184111279702724	0.4410334346504559	0.22598260140446497	0.20579839676304104	0.21619564941258526	0.3668934570287691
PL_045	0.6211538461538462	0.4246361746361747	0.32001972386587774	0.3535502958579882	0.3160749506903353	0.34960552268244577
PL_046	0.5995762711864405	0.505970724191063	0.4982665639445301	0.5017334360554698	0.4990369799691834	0.4986517719568567
PL_047	0.5217425679949399	0.4625907092536681	0.37420936116382036	0.36864853468269027	0.37054606788952144	0.3621652962260173
PL_048	0.5435960984969619	0.4715106574216743	0.38355452510393345	0.39193316277582346	0.3955628397825392	0.3998001279181324
PL_049	0.5353001277139208	0.4662222222222222	0.3389401709401709	0.3284035759897828	0.33897435897435896	0.3959557258407833
PL_050	0.5434523809523809	0.406832298136646	0.375776397515528	0.32857142857142857	0.3476190476190476	0.3214285714285714
PL_051	0.5236785329018339	0.43801742919389974	0.33327939590075517	0.3295037756202805	0.34805825242718447	0.37621359223300976
PL_052	0.5512820512820512	0.450197238658777	0.32453494218200096	0.3019105077928607	0.3179989944695827	0.33810960281548513
PL_053	0.5433603193343453	0.40461073318216173	0.1948034769463341	0.20436742189988943	0.18956916099773244	0.2151711924439197
PL_054	0.5558004781701616	0.4337168277343151	0.2425141892928363	0.22713606381346835	0.2514265991716521	0.3287007209694739
PL_055	0.5125559625559625	0.44431057563587684	0.2569148388425497	0.24525795489650912	0.2509834208629389	0.3556894243641232
PL_056	0.5582568116814691	0.41420363482415556	0.25108409688832445	0.2364722247422057	0.24095376334331248	0.3497847358121331
PL_057	0.5329687947713846	0.4597048186168852	0.23815234387028567	0.24971005198597335	0.23937038316916032	0.3355062378619802
PL_058	0.5968574635241303	0.4301166610035112	0.35660890248046206	0.3691811077132178	0.36566995129686264	0.38401857515007365
PL_059	0.5369230769230768	0.40769230769230774	0.39230769230769236	0.3892307692307693	0.3953846153846154	0.39538461538461545
SD_001	0.5934744268077601	0.4488536155202822	0.3835978835978836	0.3888888888888889	0.3677248677248677	0.3853615520282187
SD_002	0.5087719298245614	0.4904761904761904	0.4783950617283951	0.49047619047619045	0.49047619047619045	0.49047619047619045
SD_003	0.5921474358974359	0.33333333333333337	0.3194444444444444	0.28289473684210525	0.3042763157894737	0.28289473684210525
SD_004	0.4951923076923077	0.25104166666666666	0.2239583333333333	0.22916666666666666	0.22291666666666662	0.24479166666666666
SD_005	0.38337468982630274	0.3646153846153846	0.256923076923077	0.26615384615384624	0.28461538461538466	0.256923076923077
SD_006	0.588888888888889	0.34444444444444433	0.3049382716049382	0.3049382716049382	0.30246913580246904	0.3024691358024691
SD_007	0.5683229813664595	0.2432712215320911	0.2432712215320911	0.2432712215320911	0.2432712215320911	0.2432712215320911
SD_008	0.7100000000000001	0.606	0.602	0.622	0.622	0.626
SD_009	0.5324074074074074	0.3935185185185185	0.33564814814814814	0.34953703703703703	0.3194444444444444	0.3009259259259259
SD_010	0.6978458049886621	0.48809523809523797	0.4926303854875283	0.5153061224489797	0.5051020408163265	0.5187074829931974
SD_011	0.6398809523809524	0.47360248447204967	0.48291925465838503	0.44047619047619035	0.42261904761904756	0.44047619047619035
SD_012	0.5952380952380951	0.360344827586207	0.33160919540229883	0.3574712643678162	0.34425287356321843	0.36091954022988504
SD_013	0.6569200779727095	0.4771598808341609	0.5185185185185184	0.6052631578947368	0.5536062378167641	0.5896686159844053
SD_014	0.59375	0.49816176470588236	0.5036764705882353	0.5073529411764706	0.505514705882353	0.5073529411764706
SD_015	0.544205495818399	0.525089605734767	0.538231780167264	0.5286738351254481	0.540621266427718	0.529868578255675
SD_016	0.6260733801717409	0.49492583918813426	0.4839968774395004	0.4847775175644028	0.48360655737704916	0.485167837626854
SD_017	0.6222826086956522	0.5842391304347825	0.5733695652173914	0.5842391304347827	0.5733695652173914	0.5842391304347827
SD_018	0.5288461538461537	0.41123670212765956	0.23171542553191488	0.16788563829787234	0.17054521276595747	0.22307180851063826
SD_019	0.6328125	0.35278497409326426	0.37273316062176165	0.38607512953367873	0.3812823834196891	0.4057642487046632
SD_020	0.5419989367357789	0.4134986225895317	0.4212121212121212	0.4245179063360881	0.4146005509641873	0.4228650137741047
SD_021	0.6146825396825397	0.45941558441558444	0.46834415584415584	0.46022727272727276	0.4610389610389611	0.46266233766233766
SD_022	0.584608745684695	0.3681233557439345	0.352576722640417	0.350752750434279	0.3539953676896353	0.38138390272148226
SD_023	0.6193181818181818	0.38602941176470584	0.39338235294117646	0.38602941176470584	0.38602941176470584	0.38602941176470584
SD_024	0.5634920634920635	0.49159663865546216	0.4831932773109243	0.5079365079365079	0.47619047619047605	0.5079365079365079
SD_025	0.45833333333333337	0.46212121212121215	0.4772727272727273	0.46212121212121215	0.49242424242424243	0.46212121212121215
SD_026	0.5	0.4166666666666667	0.4166666666666667	0.4166666666666667	0.4166666666666667	0.4166666666666667
SD_027	0.4903846153846154	0.47115384615384615	0.47115384615384615	0.47115384615384615	0.47115384615384615	0.47115384615384615
SD_028	0.5181818181818182	0.4454545454545455	0.4454545454545455	0.4454545454545455	0.4454545454545455	0.4454545454545455
SD_029	0.425	0.46666666666666673	0.46666666666666673	0.46666666666666673	0.46666666666666673	0.46666666666666673
SD_030	0.40625	0.45833333333333326	0.45833333333333326	0.45833333333333326	0.45833333333333326	0.45833333333333326
