	NoOrder	MR	Krisk	Kdegree	Degree	eigenc
PL_001	0.6235936093609363	0.31582979726544086	0.2342644978783592	0.22128426715503915	0.22357351342070625	0.2545928003204944
PL_002	0.5724571078431373	0.4336734693877551	0.328922193877551	0.3244894801980198	0.3113397277227723	0.31969368811881194
PL_003	0.3686666666666667	0.21764705882352942	0.2427450980392157	0.20901960784313725	0.20588235294117646	0.21450980392156863
PL_004	0.5177088853559442	0.46612394957983194	0.3729464758876524	0.37877583465818765	0.36543896838014495	0.38434022257551675
PL_005	0.5390505050505051	0.4380497714575927	0.2955996944232238	0.29273745861981154	0.2910771581359817	0.34824038706391647
PL_006	0.5542899723227592	0.4374460742018982	0.40681622088006897	0.3934426229508196	0.4115616911130284	0.39322691975841234
PL_007	0.5677437641723357	0.4465130023640662	0.3472222222222222	0.3223379629629629	0.3431712962962963	0.35127314814814814
PL_008	0.5789473684210525	0.4786184210526316	0.431469298245614	0.4369517543859649	0.45010964912280704	0.4385964912280701
PL_009	0.5393376607765356	0.43305084745762723	0.2575129222262292	0.2706154585887728	0.25703209520375053	0.3195396081259767
PL_010	0.6106007944389275	0.5085650446871895	0.48125620655412116	0.47753227408143	0.46785004965243293	0.4973932472691162
PL_011	0.5562130177514792	0.4169230769230769	0.3984615384615384	0.4107692307692308	0.3830769230769231	0.3984615384615385
PL_012	0.5295728368017526	0.34510932105868813	0.2871116225546606	0.30221729490022164	0.2855875831485587	0.31729490022172946
PL_013	0.5298549107142857	0.471797052154195	0.3623866213151927	0.33290816326530615	0.36153628117913833	0.3828125
PL_014	0.5527287412022613	0.4377967711301044	0.3924501424501424	0.3663342830009496	0.3999287749287749	0.46794871794871795
PL_015	0.5643977310643977	0.47795989906256064	0.40127675203720825	0.3991339247993241	0.4022929773880344	0.41768479506122086
PL_016	0.5325336838646073	0.46888655345981534	0.3754632446484872	0.3228173951144704	0.3692080184028918	0.39462153576514414
PL_017	0.5890991766007128	0.45793000744601636	0.4177829666953423	0.4181516529433452	0.42011797959936104	0.4234361558313875
PL_018	0.6097569097569098	0.44976525821596247	0.34439973172367544	0.3421193829644534	0.34808853118712274	0.35848423876592894
PL_019	0.5264223722275795	0.4440677966101695	0.3132231404958677	0.3083616917841516	0.304569761789013	0.3265435099659699
PL_020	0.5215710215710216	0.44329255650010363	0.3651254405971387	0.34198209198209195	0.36396011396011396	0.3893976393976394
PL_021	0.5313493787470676	0.45634833137881986	0.2526483495255508	0.2134923871536755	0.2526946003179366	0.4070701634494948
PL_022	0.47094017094017093	0.4183970856102004	0.3510018214936248	0.28437500000000004	0.3055555555555556	0.38581196581196575
PL_023	0.5522003745318352	0.4327107279693486	0.31521392081736915	0.2847222222222222	0.3330938697318008	0.2899904214559387
PL_024	0.503968253968254	0.5027777777777778	0.32499999999999996	0.3416666666666666	0.31388888888888883	0.33888888888888885
PL_025	0.5580357142857143	0.45292207792207784	0.4464285714285714	0.4545454545454545	0.4496753246753246	0.45819805194805185
PL_026	0.49633358190405175	0.32449978714346533	0.2285014899957429	0.215730097914006	0.21722009365687528	0.19827586206896555
PL_027	0.549099099099099	0.45901826484018265	0.2707207207207208	0.26801801801801806	0.27004504504504506	0.2912162162162163
PL_028	0.5530525300430047	0.4444668983913992	0.35474092636003557	0.34491956996200795	0.347991269905424	0.3743432220515722
PL_029	0.5631509087196243	0.42704160246533135	0.31531624638280276	0.3022769042270778	0.3008474576271186	0.3271901163977946
PL_030	0.5276182663385289	0.4657681940700809	0.3189242466910729	0.25006836204539235	0.27960076565490843	0.3476893628657369
PL_031	0.5324263038548752	0.3189675870348139	0.23537414965986397	0.26031746031746034	0.22108843537414968	0.28662131519274375
PL_032	0.559052059052059	0.43221690590111644	0.38500388500388505	0.3857808857808858	0.3663558663558664	0.3951048951048951
PL_033	0.600383631713555	0.5326086956521741	0.4820971867007672	0.4910485933503836	0.4840153452685422	0.5159846547314578
PL_034	0.56046875	0.44890624999999995	0.35963541666666665	0.3582291666666666	0.35026041666666663	0.3663541666666667
PL_035	0.6387426900584795	0.36363636363636365	0.34911616161616166	0.3500631313131314	0.33459595959595967	0.3595328282828283
PL_036	0.4781746031746032	0.37083333333333335	0.3416666666666667	0.2785087719298246	0.2960526315789473	0.29166666666666674
PL_037	0.5512755102040816	0.40104166666666663	0.2961734693877551	0.2645408163265306	0.26249999999999996	0.2997448979591837
PL_038	0.5600097181729835	0.43658892128279886	0.37001943634596696	0.3739067055393587	0.35738581146744414	0.43658892128279886
PL_039	0.5670178519168861	0.4274217149546386	0.2960199004975124	0.303921568627451	0.31006731050629205	0.30831138425519466
PL_040	0.6172901921132457	0.40415785764622975	0.3422649140546006	0.30338266384778023	0.32135306553911214	0.4164138860802157
PL_041	0.5401691331923891	0.43939393939393945	0.32135306553911214	0.33439041578576467	0.31818181818181823	0.35499316005471954
PL_042	0.55	0.3833333333333333	0.33333333333333326	0.31666666666666665	0.33333333333333326	0.31666666666666665
PL_043	0.6043298277019469	0.45765899247777525	0.3706975153863688	0.35614272809394765	0.3652890695573623	0.39588979223125575
PL_044	0.5270901318478796	0.4410334346504559	0.23022394577787092	0.20574527885745694	0.2264866662509613	0.3668911475546132
PL_045	0.5586538461538462	0.4246361746361747	0.2983234714003945	0.35749506903353057	0.3062130177514793	0.34960552268244577
PL_046	0.6026579352850537	0.505970724191063	0.4998073959938367	0.5009630200308165	0.5005778120184899	0.4986517719568567
PL_047	0.5284893527303395	0.4625907092536681	0.3811933375500738	0.36859582542694497	0.37449926207041956	0.3621652962260173
PL_048	0.5357451231212024	0.4715106574216743	0.3901582986888391	0.3922369683402622	0.3938679245283018	0.3998001279181324
PL_049	0.548837803320562	0.4662222222222222	0.3392136752136753	0.32949340144742445	0.337037037037037	0.3959557258407833
PL_050	0.5654761904761905	0.406832298136646	0.35776397515527947	0.3255952380952381	0.34523809523809523	0.3214285714285714
PL_051	0.5145091693635382	0.43801742919389974	0.348705501618123	0.33338727076591157	0.3392125134843582	0.37621359223300976
PL_052	0.5643539467068878	0.450197238658777	0.31196581196581197	0.3064353946706888	0.3345902463549522	0.33810960281548513
PL_053	0.5344680571953299	0.40461073318216173	0.2058390022675737	0.20470474691253912	0.1995275888133031	0.21506812091227673
PL_054	0.5501050756087533	0.4337168277343151	0.2307332412946771	0.2273278110139592	0.24751495628163828	0.3287007209694739
PL_055	0.5314611314611315	0.44431057563587684	0.2559468643805993	0.24476367006487487	0.23697868396663577	0.3556894243641232
PL_056	0.5533794972151137	0.41420363482415556	0.25205177054038524	0.23657504006773716	0.24403217514893102	0.3497847358121331
PL_057	0.5316157040392601	0.4597048186168852	0.2388936599229716	0.24994769565237168	0.23349343011911747	0.3355062378619802
PL_058	0.5611672278338945	0.4301166610035112	0.36249858421112247	0.3691811077132178	0.3570619549212821	0.38401857515007365
PL_059	0.6846153846153846	0.40769230769230774	0.38923076923076927	0.3984615384615384	0.3984615384615384	0.39538461538461545
SD_001	0.5758377425044091	0.4488536155202822	0.38712522045855385	0.3853615520282187	0.37125220458553787	0.3853615520282187
SD_002	0.6225071225071225	0.4904761904761904	0.4783950617283951	0.49047619047619045	0.49047619047619045	0.49047619047619045
SD_003	0.6209935897435898	0.33333333333333337	0.328125	0.28289473684210525	0.3075657894736842	0.28289473684210525
SD_004	0.567156862745098	0.25104166666666666	0.22187499999999996	0.22916666666666666	0.23229166666666665	0.24479166666666666
SD_005	0.5629370629370629	0.3646153846153846	0.24461538461538462	0.26923076923076933	0.2753846153846155	0.256923076923077
SD_006	0.6411764705882352	0.34444444444444433	0.30740740740740735	0.3049382716049382	0.30493827160493825	0.3024691358024691
SD_007	0.5476190476190477	0.2432712215320911	0.2432712215320911	0.2432712215320911	0.2432712215320911	0.2432712215320911
SD_008	0.658	0.606	0.61	0.622	0.63	0.626
SD_009	0.5972222222222222	0.3935185185185185	0.3472222222222222	0.34027777777777773	0.33333333333333326	0.3009259259259259
SD_010	0.7227891156462584	0.48809523809523797	0.4926303854875283	0.5153061224489797	0.5051020408163265	0.5187074829931974
SD_011	0.6279761904761905	0.47360248447204967	0.451863354037267	0.44047619047619035	0.4580745341614906	0.44047619047619035
SD_012	0.6094690749863164	0.360344827586207	0.3275862068965518	0.3574712643678162	0.3385057471264369	0.36091954022988504
SD_013	0.6471734892787525	0.4771598808341609	0.5185185185185184	0.6052631578947368	0.5409356725146199	0.5896686159844053
SD_014	0.5900735294117647	0.49816176470588236	0.5147058823529411	0.5073529411764706	0.5073529411764706	0.5073529411764706
SD_015	0.550179211469534	0.525089605734767	0.540621266427718	0.5298685782556751	0.537037037037037	0.529868578255675
SD_016	0.6159250585480093	0.49492583918813426	0.47970335675253706	0.4847775175644028	0.4830210772833723	0.485167837626854
SD_017	0.6059782608695652	0.5842391304347825	0.5733695652173914	0.5842391304347827	0.5733695652173914	0.5842391304347827
SD_018	0.5234375	0.41123670212765956	0.21309840425531915	0.1685505319148936	0.18384308510638295	0.22307180851063826
SD_019	0.6294471153846153	0.35278497409326426	0.37273316062176165	0.38607512953367873	0.3789507772020725	0.4057642487046632
SD_020	0.5967570441254652	0.4134986225895317	0.4112947658402204	0.421763085399449	0.4168044077134986	0.4228650137741047
SD_021	0.6424603174603175	0.45941558441558444	0.4503968253968254	0.4642857142857143	0.46590909090909094	0.46266233766233766
SD_022	0.6597813578826236	0.3681233557439345	0.35130283729009854	0.350752750434279	0.35312680949623637	0.38138390272148226
SD_023	0.5982142857142857	0.38602941176470584	0.39338235294117646	0.38602941176470584	0.38602941176470584	0.38602941176470584
SD_024	0.5952380952380951	0.49159663865546216	0.49999999999999994	0.5079365079365079	0.5079365079365079	0.5079365079365079
SD_025	0.5416666666666666	0.46212121212121215	0.46212121212121215	0.46212121212121215	0.46212121212121215	0.46212121212121215
SD_026	0.4166666666666667	0.4166666666666667	0.4166666666666667	0.4166666666666667	0.4166666666666667	0.4166666666666667
SD_027	0.5583333333333333	0.47115384615384615	0.47115384615384615	0.47115384615384615	0.47115384615384615	0.47115384615384615
SD_028	0.5333333333333333	0.4454545454545455	0.4454545454545455	0.4454545454545455	0.4454545454545455	0.4454545454545455
SD_029	0.5249999999999999	0.46666666666666673	0.46666666666666673	0.46666666666666673	0.46666666666666673	0.46666666666666673
SD_030	0.53125	0.45833333333333326	0.45833333333333326	0.45833333333333326	0.45833333333333326	0.45833333333333326
