	NoOrder	MR	Krisk	Kdegree	Degree	eigenc
PL_001	0.5667191719171916	0.31582979726544086	0.24481376709099475	0.22116980484175586	0.21956733245578894	0.25465003147713605
PL_002	0.5750612745098038	0.4336734693877551	0.34646045918367346	0.3244894801980198	0.31443378712871284	0.31984839108910895
PL_003	0.452	0.21764705882352942	0.26235294117647057	0.20980392156862746	0.21137254901960784	0.21450980392156863
PL_004	0.533165518459636	0.46612394957983194	0.3906111994347289	0.37859918742271687	0.38204380851439673	0.38434022257551675
PL_005	0.5534848484848485	0.4380497714575927	0.29799337916984975	0.2932976827094474	0.2896511331805449	0.34824038706391647
PL_006	0.57451564828614	0.4374460742018982	0.3996980155306298	0.3934426229508196	0.3977566867989646	0.39322691975841234
PL_007	0.5172902494331065	0.4465130023640662	0.3513593380614657	0.32349537037037035	0.32638888888888884	0.35127314814814814
PL_008	0.5515350877192985	0.4786184210526316	0.43366228070175433	0.4369517543859649	0.42708333333333326	0.4385964912280701
PL_009	0.5518992667387908	0.43305084745762723	0.2659273951196057	0.2716973193893497	0.2632828464959731	0.3195396081259767
PL_010	0.6149453823237339	0.5085650446871895	0.47591857000993054	0.47765640516385305	0.4748013902681231	0.4973932472691162
PL_011	0.5414201183431953	0.4169230769230769	0.38	0.4107692307692308	0.3769230769230769	0.3984615384615385
PL_012	0.5457831325301205	0.34510932105868813	0.2848101265822785	0.3019955654101995	0.2784922394678492	0.31729490022172946
PL_013	0.541015625	0.471797052154195	0.36181972789115646	0.3337585034013605	0.33942743764172334	0.3828125
PL_014	0.49123110649590396	0.4377967711301044	0.40004748338081664	0.36680911680911676	0.38639601139601143	0.46794871794871795
PL_015	0.5638725847059181	0.47795989906256064	0.4038192184580017	0.399105379143402	0.407840349855559	0.41768479506122086
PL_016	0.539243071530288	0.46888655345981534	0.36146910780463515	0.3207087304195421	0.3765746522072516	0.39462153576514414
PL_017	0.5594813813444758	0.45793000744601636	0.4236819466633895	0.41962639793535705	0.4265085412314121	0.4234361558313875
PL_018	0.593040293040293	0.44976525821596247	0.3452045606975185	0.3415828303152247	0.3437961099932932	0.35848423876592894
PL_019	0.5890067502410801	0.4440677966101695	0.3289742343218279	0.3083616917841516	0.31905687894992707	0.3265435099659699
PL_020	0.5296805997740578	0.44329255650010363	0.37839518971594444	0.34320309320309317	0.3605639643375492	0.3893976393976394
PL_021	0.5203241907299601	0.45634833137881986	0.25529816249714626	0.2135079972448189	0.2578777300585964	0.4070701634494948
PL_022	0.4247863247863248	0.4183970856102004	0.3517304189435338	0.27951388888888895	0.3211805555555556	0.38581196581196575
PL_023	0.526607365792759	0.4327107279693486	0.34490740740740744	0.28168901660280965	0.30898786717752236	0.2899904214559387
PL_024	0.6335978835978835	0.5027777777777778	0.29166666666666663	0.33888888888888885	0.33888888888888885	0.33888888888888885
PL_025	0.5405844155844155	0.45292207792207784	0.45657467532467527	0.44845779220779214	0.45089285714285715	0.45819805194805185
PL_026	0.48502361421824514	0.32449978714346533	0.2336100468284376	0.21424010217113668	0.23361004682843764	0.19699872286079187
PL_027	0.5554054054054054	0.45901826484018265	0.2648648648648649	0.26711711711711716	0.28400900900900905	0.2912162162162163
PL_028	0.5584381656685825	0.4444668983913992	0.34997170802683697	0.3422116239592596	0.35373049874706974	0.3743432220515722
PL_029	0.6003165203185623	0.42704160246533135	0.3043613063249277	0.3038084541556054	0.30324688584847864	0.3271901163977946
PL_030	0.5549630844954883	0.4657681940700809	0.3535623767952689	0.2492480175006836	0.25827180749248024	0.346322121957889
PL_031	0.5956916099773243	0.3189675870348139	0.22312925170068032	0.2600907029478458	0.21927437641723355	0.28662131519274375
PL_032	0.5388500388500388	0.43221690590111644	0.3850038850038851	0.3795648795648796	0.3865578865578866	0.3951048951048951
PL_033	0.5837595907928389	0.5326086956521741	0.4929667519181586	0.4910485933503836	0.5019181585677751	0.5159846547314578
PL_034	0.5452604166666667	0.44890624999999995	0.35875	0.3587499999999999	0.3500520833333333	0.3663541666666667
PL_035	0.599537037037037	0.36363636363636365	0.3450126262626263	0.3497474747474748	0.32512626262626265	0.3595328282828283
PL_036	0.5496031746031746	0.37083333333333335	0.325	0.2785087719298246	0.287280701754386	0.29166666666666674
PL_037	0.5237244897959183	0.40104166666666663	0.2813775510204081	0.2645408163265306	0.25535714285714284	0.2997448979591837
PL_038	0.5400874635568513	0.43658892128279886	0.3607871720116618	0.380709426627794	0.34475218658892137	0.43658892128279886
PL_039	0.5623353819139596	0.4274217149546386	0.294263974246415	0.3045068773778168	0.3106526192566579	0.30831138425519466
PL_040	0.5394337714863499	0.40415785764622975	0.3320793433652531	0.3040873854827344	0.3016208597603947	0.4164138860802157
PL_041	0.5360633636670036	0.43939393939393945	0.32381959126145177	0.33439041578576467	0.3252290345313602	0.35499316005471954
PL_042	0.6611111111111112	0.3833333333333333	0.33333333333333326	0.31666666666666665	0.31666666666666665	0.31666666666666665
PL_043	0.5678563437010515	0.45765899247777525	0.37069751538636886	0.35614272809394765	0.3558039747064138	0.39588979223125575
PL_044	0.5298384060933166	0.4410334346504559	0.22286389733198242	0.2057568262282361	0.22766911701874604	0.3668911475546132
PL_045	0.5278846153846154	0.4246361746361747	0.3121301775147929	0.35848126232741623	0.3091715976331361	0.34960552268244577
PL_046	0.6015023112480739	0.505970724191063	0.49672573189522345	0.5009630200308165	0.49942218798151006	0.4986517719568567
PL_047	0.5304132405650432	0.4625907092536681	0.3641946025722117	0.36875395319418086	0.3709940965633565	0.3621652962260173
PL_048	0.5398065238247521	0.4715106574216743	0.3916773265110329	0.39190118324272466	0.3883194755356572	0.3998001279181324
PL_049	0.5391826309067688	0.4662222222222222	0.33430769230769236	0.3290336313324818	0.33446573009791397	0.3959557258407833
PL_050	0.5476190476190477	0.406832298136646	0.3701863354037267	0.3273809523809524	0.3214285714285714	0.3214285714285714
PL_051	0.5356526429341963	0.43801742919389974	0.36067961165048545	0.32562028047464947	0.3192556634304207	0.37621359223300976
PL_052	0.5603318250377073	0.450197238658777	0.3295625942684766	0.30593262946204125	0.32554047259929614	0.33810960281548513
PL_053	0.5219495511703304	0.40461073318216173	0.20199357520786093	0.204770337887221	0.1966364323507181	0.21547103689960828
PL_054	0.5554045410937001	0.4337168277343151	0.2419619573554226	0.22746586899831264	0.24528301886792453	0.3287007209694739
PL_055	0.5574684574684575	0.44431057563587684	0.264514468128926	0.24509319328596438	0.24402224281742352	0.3556894243641232
PL_056	0.5558181544482914	0.41420363482415556	0.24281653512352958	0.23673833499652241	0.2392300946505791	0.3497847358121331
PL_057	0.5221304243019643	0.4597048186168852	0.23964181889306685	0.2497543969763539	0.23981859425947655	0.3355062378619802
PL_058	0.5948012232415902	0.4301166610035112	0.35570279759882206	0.3696341601540378	0.36838826594178276	0.38401857515007365
PL_059	0.6538461538461537	0.40769230769230774	0.3923076923076924	0.39538461538461545	0.3984615384615385	0.39538461538461545
SD_001	0.5352733686067018	0.4488536155202822	0.3977072310405644	0.3888888888888889	0.3747795414462081	0.3853615520282187
SD_002	0.6168091168091169	0.4904761904761904	0.49047619047619045	0.49047619047619045	0.49047619047619045	0.49047619047619045
SD_003	0.5890625	0.33333333333333337	0.3194444444444444	0.28289473684210525	0.3026315789473684	0.28289473684210525
SD_004	0.5161764705882352	0.25104166666666666	0.2270833333333333	0.23020833333333332	0.22187499999999993	0.24479166666666666
SD_005	0.493006993006993	0.3646153846153846	0.256923076923077	0.256923076923077	0.2815384615384616	0.256923076923077
SD_006	0.5525252525252525	0.34444444444444433	0.3024691358024691	0.3049382716049382	0.30987654320987656	0.3024691358024691
SD_007	0.44548872180451127	0.2432712215320911	0.2432712215320911	0.2432712215320911	0.2432712215320911	0.2432712215320911
SD_008	0.666	0.606	0.602	0.622	0.61	0.626
SD_009	0.5625	0.3935185185185185	0.34027777777777773	0.3449074074074074	0.3379629629629629	0.3009259259259259
SD_010	0.6683673469387756	0.48809523809523797	0.4926303854875283	0.5153061224489797	0.5039682539682538	0.5187074829931974
SD_011	0.6101190476190476	0.47360248447204967	0.4767080745341615	0.44047619047619035	0.4404761904761904	0.44047619047619035
SD_012	0.5547345374931582	0.360344827586207	0.32931034482758625	0.3574712643678162	0.3413793103448276	0.36091954022988504
SD_013	0.6939571150097467	0.4771598808341609	0.5185185185185184	0.6052631578947368	0.5438596491228069	0.5896686159844053
SD_014	0.6727941176470589	0.49816176470588236	0.5202205882352942	0.5073529411764706	0.5110294117647058	0.5073529411764706
SD_015	0.550179211469534	0.525089605734767	0.5394265232974911	0.5298685782556751	0.543010752688172	0.529868578255675
SD_016	0.6133879781420764	0.49492583918813426	0.48145979703356745	0.485167837626854	0.48224043715846987	0.485167837626854
SD_017	0.6440217391304348	0.5842391304347825	0.5733695652173914	0.5842391304347827	0.5733695652173914	0.5842391304347827
SD_018	0.44591346153846156	0.41123670212765956	0.24102393617021275	0.16722074468085105	0.16921542553191488	0.22307180851063826
SD_019	0.6296497584541063	0.35278497409326426	0.37338082901554404	0.38607512953367873	0.3814119170984456	0.4057642487046632
SD_020	0.666400850611377	0.4134986225895317	0.40578512396694216	0.4212121212121212	0.4168044077134986	0.4228650137741047
SD_021	0.6209415584415584	0.45941558441558444	0.4699675324675325	0.4650974025974026	0.4521103896103897	0.46266233766233766
SD_022	0.6473245109321059	0.3681233557439345	0.3521134916039375	0.350752750434279	0.35257672264041695	0.38138390272148226
SD_023	0.3465909090909091	0.38602941176470584	0.39338235294117646	0.38602941176470584	0.38602941176470584	0.38602941176470584
SD_024	0.5158730158730158	0.49159663865546216	0.49999999999999994	0.5079365079365079	0.5	0.5079365079365079
SD_025	0.4444444444444444	0.46212121212121215	0.46212121212121215	0.46212121212121215	0.46212121212121215	0.46212121212121215
SD_026	0.5	0.4166666666666667	0.4166666666666667	0.4166666666666667	0.4166666666666667	0.4166666666666667
SD_027	0.4903846153846154	0.47115384615384615	0.47115384615384615	0.47115384615384615	0.47115384615384615	0.47115384615384615
SD_028	0.6166666666666667	0.4454545454545455	0.4454545454545455	0.4454545454545455	0.4454545454545455	0.4454545454545455
SD_029	0.575	0.46666666666666673	0.46666666666666673	0.46666666666666673	0.46666666666666673	0.46666666666666673
SD_030	0.48214285714285715	0.45833333333333326	0.45833333333333326	0.45833333333333326	0.45833333333333326	0.45833333333333326
