	NoOrder	MR	Krisk	Kdegree	Degree	eigenc
PL_001	0.5643564356435643	0.31582979726544086	0.24045261669024046	0.2209981113718308	0.21550392033422994	0.2545928003204944
PL_002	0.5877939356435644	0.4336734693877551	0.34964923469387754	0.3244894801980198	0.330522896039604	0.31984839108910895
PL_003	0.422	0.21764705882352942	0.292156862745098	0.20901960784313725	0.20980392156862743	0.21450980392156863
PL_004	0.5314873697226637	0.46612394957983194	0.3551934287228406	0.37162162162162166	0.37683271506800914	0.38434022257551675
PL_005	0.5820606060606061	0.4380497714575927	0.2966793990323402	0.29325693913929207	0.2955487649605296	0.34824038706391647
PL_006	0.5559931871407281	0.4374460742018982	0.4022864538395168	0.3923641069887834	0.40811044003451247	0.39322691975841234
PL_007	0.5716666666666667	0.4465130023640662	0.3460401891252955	0.32407407407407407	0.3344907407407407	0.35127314814814814
PL_008	0.5674342105263158	0.4786184210526316	0.43366228070175433	0.4369517543859649	0.41831140350877194	0.4385964912280701
PL_009	0.5516588532275513	0.43305084745762723	0.2573326120927997	0.2697740112994351	0.26658853227551393	0.3195396081259767
PL_010	0.6106007944389276	0.5085650446871895	0.48560079443892756	0.47790466732869913	0.48634558093346575	0.4973932472691162
PL_011	0.5917159763313609	0.4169230769230769	0.4076923076923077	0.4107692307692308	0.40153846153846157	0.3984615384615385
PL_012	0.5602409638554217	0.34510932105868813	0.2861910241657077	0.3042128603104213	0.275609756097561	0.31729490022172946
PL_013	0.5011160714285714	0.471797052154195	0.3759920634920635	0.3317743764172335	0.3618861607142857	0.3828125
PL_014	0.5694588669666552	0.4377967711301044	0.3931623931623931	0.36799620132953464	0.3880579297245964	0.46794871794871795
PL_015	0.5572163072163072	0.47795989906256064	0.4058992452528574	0.39898929347598555	0.40360988364790645	0.41768479506122086
PL_016	0.5327253806550554	0.46888655345981534	0.3852259527628741	0.32188629641800853	0.37109760105159384	0.39462153576514414
PL_017	0.5765638441686124	0.45793000744601636	0.42527958707140234	0.4181516529433452	0.4223300970873787	0.4234361558313875
PL_018	0.5786546786546786	0.44976525821596247	0.33695506371562717	0.34178403755868547	0.34084507042253526	0.35848423876592894
PL_019	0.5521697203471553	0.4440677966101695	0.3113757899854156	0.3088478366553233	0.32333495381623717	0.3265435099659699
PL_020	0.5325600325600326	0.44329255650010363	0.3718639850715323	0.34361009361009354	0.36080586080586086	0.3893976393976394
PL_021	0.5196406676900204	0.45634833137881986	0.25295079504145457	0.2136719032018248	0.24974621358431823	0.4070701634494948
PL_022	0.4982905982905983	0.4183970856102004	0.36083788706739534	0.2836805555555556	0.31180555555555567	0.38581196581196575
PL_023	0.5025749063670413	0.4327107279693486	0.3070721583652618	0.27993295019157083	0.3262292464878672	0.2899904214559387
PL_024	0.6287878787878788	0.5027777777777778	0.3583333333333333	0.33888888888888885	0.29722222222222217	0.33888888888888885
PL_025	0.5726461038961038	0.45292207792207784	0.43831168831168826	0.4517045454545454	0.4561688311688311	0.45819805194805185
PL_026	0.6636216753666417	0.32449978714346533	0.23765432098765435	0.21573009791400596	0.2299914857386122	0.19699872286079187
PL_027	0.5256756756756757	0.45901826484018265	0.27297297297297307	0.26711711711711716	0.27432432432432435	0.2912162162162163
PL_028	0.5625376793537237	0.4444668983913992	0.3498100396087624	0.3446366502303775	0.35142672378950773	0.3743432220515722
PL_029	0.5932203389830508	0.42704160246533135	0.29402645721372467	0.302123749234225	0.30074535429855015	0.3271901163977946
PL_030	0.5875034181022696	0.4657681940700809	0.3496198254012954	0.2506152584085316	0.25991249658189786	0.3465955701394585
PL_031	0.5768707482993197	0.3189675870348139	0.22426303854875285	0.26054421768707486	0.22426303854875285	0.28662131519274375
PL_032	0.5388500388500388	0.43221690590111644	0.3904428904428905	0.3811188811188812	0.3966588966588967	0.3951048951048951
PL_033	0.5895140664961637	0.5326086956521741	0.4936061381074168	0.4910485933503836	0.48913043478260865	0.5159846547314578
PL_034	0.5458854166666667	0.44890624999999995	0.3509375	0.3601562499999999	0.35083333333333333	0.3663541666666667
PL_035	0.4207175925925926	0.36363636363636365	0.3500631313131314	0.3497474747474748	0.32165404040404044	0.3595328282828283
PL_036	0.5535714285714285	0.37083333333333335	0.38815789473684215	0.2785087719298246	0.287280701754386	0.29166666666666674
PL_037	0.5293367346938775	0.40104166666666663	0.27066326530612245	0.2645408163265306	0.2543367346938776	0.2997448979591837
PL_038	0.5570942662779397	0.43658892128279886	0.3641885325558795	0.3763362487852284	0.35009718172983484	0.43658892128279886
PL_039	0.5304360550190226	0.4274217149546386	0.29660520924787825	0.303921568627451	0.3074334211296459	0.30831138425519466
PL_040	0.4848331648129423	0.40415785764622975	0.33618331053351574	0.3040873854827344	0.30056377730796346	0.4164138860802157
PL_041	0.5143638850889193	0.43939393939393945	0.3217054263565892	0.33439041578576467	0.3178294573643412	0.35499316005471954
PL_042	0.5520833333333334	0.3833333333333333	0.31666666666666665	0.31666666666666665	0.31666666666666665	0.31666666666666665
PL_043	0.5829603938241217	0.45765899247777525	0.36739229541828133	0.35602981029810304	0.35896567299006327	0.39588979223125575
PL_044	0.5135658511913423	0.4410334346504559	0.23066415120707123	0.20580994413382017	0.22882385409666073	0.3668911475546132
PL_045	0.5548076923076923	0.4246361746361747	0.3141025641025641	0.35848126232741623	0.3141025641025641	0.34960552268244577
PL_046	0.6126733436055469	0.505970724191063	0.4974961479198768	0.5009630200308165	0.4998073959938367	0.4986517719568567
PL_047	0.5309930423782416	0.4625907092536681	0.37038794012228554	0.36833227914821837	0.3767921146953406	0.3621652962260173
PL_048	0.5394547489606651	0.4715106574216743	0.3891669331627758	0.3921090502078669	0.3911816437480013	0.3998001279181324
PL_049	0.5484631758194977	0.4662222222222222	0.3382564102564103	0.32639421030225624	0.3408717948717949	0.3959557258407833
PL_050	0.5535714285714286	0.406832298136646	0.3614906832298137	0.32976190476190476	0.3494047619047619	0.3214285714285714
PL_051	0.5067421790722761	0.43801742919389974	0.33727076591154265	0.3387810140237325	0.32464940668824166	0.37621359223300976
PL_052	0.5990447461035695	0.450197238658777	0.32453494218200096	0.3009049773755656	0.33358471593765704	0.33810960281548513
PL_053	0.5434259103090272	0.40461073318216173	0.19736394557823128	0.20445175315305186	0.19208238851095993	0.21534922508948479
PL_054	0.5462218465896111	0.4337168277343151	0.24642583218285014	0.22758091731860716	0.24983893235158766	0.3287007209694739
PL_055	0.5068579568579568	0.44431057563587684	0.2703017196993101	0.24536093090309957	0.2511275872721656	0.3556894243641232
PL_056	0.5379768177028451	0.41420363482415556	0.2338595058816414	0.2361637787656113	0.24132873688348605	0.3497847358121331
PL_057	0.5270197437541787	0.4597048186168852	0.23486774351376966	0.24953949433066355	0.23678632991763202	0.3355062378619802
PL_058	0.578675645342312	0.4301166610035112	0.35162532563144183	0.3694076339336278	0.36113942688866235	0.38401857515007365
PL_059	0.5923076923076922	0.40769230769230774	0.3923076923076924	0.4015384615384615	0.3984615384615385	0.39538461538461545
SD_001	0.501763668430335	0.4488536155202822	0.3853615520282187	0.3888888888888889	0.3835978835978836	0.3853615520282187
SD_002	0.573015873015873	0.4904761904761904	0.4783950617283951	0.49047619047619045	0.49047619047619045	0.49047619047619045
SD_003	0.5225694444444444	0.33333333333333337	0.3177083333333333	0.28289473684210525	0.3026315789473684	0.28289473684210525
SD_004	0.6259615384615385	0.25104166666666666	0.22604166666666664	0.22916666666666666	0.23020833333333332	0.24479166666666666
SD_005	0.534965034965035	0.3646153846153846	0.24461538461538462	0.26923076923076933	0.2815384615384616	0.256923076923077
SD_006	0.4333333333333334	0.34444444444444433	0.30987654320987656	0.3049382716049382	0.31481481481481477	0.3024691358024691
SD_007	0.5439560439560439	0.2432712215320911	0.2432712215320911	0.2432712215320911	0.2432712215320911	0.2432712215320911
SD_008	0.666	0.606	0.606	0.622	0.626	0.626
SD_009	0.5486111111111112	0.3935185185185185	0.34722222222222215	0.33796296296296297	0.3194444444444444	0.3009259259259259
SD_010	0.7295918367346939	0.48809523809523797	0.4926303854875283	0.5153061224489797	0.5028344671201813	0.5187074829931974
SD_011	0.5636645962732919	0.47360248447204967	0.46739130434782605	0.44047619047619035	0.43154761904761896	0.44047619047619035
SD_012	0.5734149054505006	0.360344827586207	0.32816091954022997	0.3574712643678162	0.3385057471264369	0.36091954022988504
SD_013	0.6861598440545809	0.4771598808341609	0.5185185185185184	0.6052631578947368	0.5438596491228069	0.5896686159844053
SD_014	0.6654411764705883	0.49816176470588236	0.5165441176470589	0.5091911764705883	0.5091911764705883	0.5073529411764706
SD_015	0.554958183990442	0.525089605734767	0.544205495818399	0.529868578255675	0.540621266427718	0.529868578255675
SD_016	0.6133879781420765	0.49492583918813426	0.48321623731459795	0.485167837626854	0.4838017174082748	0.485167837626854
SD_017	0.6766304347826088	0.5842391304347825	0.5733695652173914	0.5842391304347827	0.5951086956521738	0.5842391304347827
SD_018	0.41067216981132076	0.41123670212765956	0.1998005319148936	0.16722074468085105	0.18650265957446807	0.22307180851063826
SD_019	0.603966346153846	0.35278497409326426	0.3732512953367876	0.38607512953367873	0.3797279792746114	0.4057642487046632
SD_020	0.5776182881446039	0.4134986225895317	0.4162534435261708	0.4245179063360881	0.4101928374655647	0.4228650137741047
SD_021	0.613095238095238	0.45941558441558444	0.4610389610389611	0.4642857142857143	0.46672077922077926	0.46266233766233766
SD_022	0.619102416570771	0.3681233557439345	0.3535321366531558	0.350752750434279	0.352489866821077	0.38138390272148226
SD_023	0.6066176470588235	0.38602941176470584	0.39338235294117646	0.38602941176470584	0.38602941176470584	0.38602941176470584
SD_024	0.5396825396825398	0.49159663865546216	0.542016806722689	0.5079365079365079	0.47619047619047605	0.5079365079365079
SD_025	0.5694444444444444	0.46212121212121215	0.46212121212121215	0.46212121212121215	0.46212121212121215	0.46212121212121215
SD_026	0.5	0.4166666666666667	0.4166666666666667	0.4166666666666667	0.4166666666666667	0.4166666666666667
SD_027	0.49166666666666664	0.47115384615384615	0.47115384615384615	0.47115384615384615	0.47115384615384615	0.47115384615384615
SD_028	0.5833333333333333	0.4454545454545455	0.4454545454545455	0.4454545454545455	0.4454545454545455	0.4454545454545455
SD_029	0.5	0.46666666666666673	0.46666666666666673	0.46666666666666673	0.46666666666666673	0.46666666666666673
SD_030	0.48214285714285715	0.45833333333333326	0.45833333333333326	0.45833333333333326	0.45833333333333326	0.45833333333333326
