	NoOrder	MR	Krisk	Kdegree	Degree	eigenc
PL_001	0.5532740774077406	0.31582979726544086	0.24257425742574257	0.22111257368511417	0.21796486006982202	0.2545928003204944
PL_002	0.5385890151515151	0.4336734693877551	0.34454719387755106	0.3243347772277228	0.32913056930693074	0.31984839108910895
PL_003	0.4733333333333334	0.21764705882352942	0.23333333333333334	0.20901960784313725	0.20509803921568628	0.21450980392156863
PL_004	0.5005741035152799	0.46612394957983194	0.3769210386857446	0.38204380851439684	0.3631425543190249	0.38434022257551675
PL_005	0.5585757575757576	0.4380497714575927	0.29617010440539854	0.29347084288260755	0.2975146422205246	0.34824038706391647
PL_006	0.5342771982116244	0.4374460742018982	0.4066005176876617	0.3934426229508196	0.3994823123382226	0.39322691975841234
PL_007	0.588718820861678	0.4465130023640662	0.36140661938534274	0.32291666666666663	0.33043981481481477	0.35127314814814814
PL_008	0.5466008771929824	0.4786184210526316	0.4259868421052631	0.4369517543859649	0.4407894736842105	0.4385964912280701
PL_009	0.5532215410506068	0.43305084745762723	0.2545077533357375	0.2690527707657171	0.26514605120807794	0.3195396081259767
PL_010	0.6201588877855014	0.5085650446871895	0.4766633565044687	0.47852532274081433	0.4791459781529295	0.4973932472691162
PL_011	0.63905325443787	0.4169230769230769	0.3892307692307692	0.4107692307692308	0.3769230769230769	0.3984615384615385
PL_012	0.5508214676889377	0.34510932105868813	0.28734177215189866	0.30221729490022164	0.28403547671840357	0.31729490022172946
PL_013	0.5426897321428572	0.471797052154195	0.36040249433106575	0.3295200892857143	0.3325892857142857	0.3828125
PL_014	0.5674974039460021	0.4377967711301044	0.39138176638176636	0.36965811965811957	0.3849715099715099	0.46794871794871795
PL_015	0.5700473200473201	0.47795989906256064	0.40024720538028524	0.39915105219287733	0.3979616498627906	0.41768479506122086
PL_016	0.5384488991127178	0.46888655345981534	0.37311245090989553	0.32161244386022564	0.37200131449227736	0.39462153576514414
PL_017	0.5707877596165664	0.45793000744601636	0.41790586211134334	0.41962639793535705	0.42908934496743273	0.4234361558313875
PL_018	0.5806526806526806	0.44976525821596247	0.3449362843729042	0.34151576123407107	0.34701542588866535	0.35848423876592894
PL_019	0.5376084860173578	0.4440677966101695	0.31234807972775885	0.3083616917841516	0.305736509479825	0.3265435099659699
PL_020	0.5267602767602767	0.44329255650010363	0.3713456354965789	0.3447293447293447	0.3680281982168775	0.3893976393976394
PL_021	0.517514795184445	0.45634833137881986	0.2493448639873246	0.2136270241897875	0.24938388921518317	0.4070701634494948
PL_022	0.45316239316239326	0.4183970856102004	0.3539162112932605	0.2822916666666667	0.31805555555555565	0.38581196581196575
PL_023	0.5172440699126093	0.4327107279693486	0.30787037037037035	0.2852011494252873	0.3212803320561941	0.2899904214559387
PL_024	0.6335978835978836	0.5027777777777778	0.33333333333333326	0.34444444444444444	0.3055555555555555	0.33888888888888885
PL_025	0.5706168831168832	0.45292207792207784	0.4379058441558441	0.4545454545454545	0.43790584415584405	0.45819805194805185
PL_026	0.7593214019388516	0.32449978714346533	0.23616432524478503	0.21424010217113668	0.2274372073222648	0.19699872286079187
PL_027	0.5137387387387388	0.45901826484018265	0.2563063063063063	0.26801801801801806	0.2695945945945946	0.2912162162162163
PL_028	0.5514046863068205	0.4444668983913992	0.3581763802441193	0.34176703580955464	0.3469404251879395	0.3743432220515722
PL_029	0.5797426996120073	0.42704160246533135	0.3122157916494419	0.30263426587706765	0.2963001240181893	0.3271901163977946
PL_030	0.4950779327317474	0.4657681940700809	0.35778653900309765	0.2497949138638228	0.273858353841947	0.3460486737763194
PL_031	0.5426303854875284	0.3189675870348139	0.22267573696145124	0.26031746031746034	0.21814058956916102	0.28662131519274375
PL_032	0.5178710178710179	0.43221690590111644	0.3671328671328672	0.3795648795648796	0.37801087801087807	0.3951048951048951
PL_033	0.5927109974424554	0.5326086956521741	0.498081841432225	0.4910485933503836	0.48976982097186694	0.5159846547314578
PL_034	0.5447395833333333	0.44890624999999995	0.3510416666666667	0.35958333333333325	0.34859375000000004	0.3663541666666667
PL_035	0.494212962962963	0.36363636363636365	0.34690656565656575	0.34943181818181823	0.3273358585858586	0.3595328282828283
PL_036	0.5178571428571428	0.37083333333333335	0.34429824561403516	0.2785087719298246	0.2828947368421053	0.29166666666666674
PL_037	0.5604591836734694	0.40104166666666663	0.2568877551020408	0.2660714285714285	0.2558673469387755	0.2997448979591837
PL_038	0.5410592808551993	0.43658892128279886	0.37585034013605445	0.37876579203109817	0.358843537414966	0.43658892128279886
PL_039	0.56438396254024	0.4274217149546386	0.30655545800409717	0.3036289142522681	0.31328650863330404	0.30831138425519466
PL_040	0.5610043815301652	0.40415785764622975	0.35372430064037746	0.30338266384778023	0.30902043692741377	0.4164138860802157
PL_041	0.5414560161779575	0.43939393939393945	0.3252290345313602	0.33439041578576467	0.320648343904158	0.35499316005471954
PL_042	0.31666666666666665	0.3833333333333333	0.31666666666666665	0.31666666666666665	0.31666666666666665	0.31666666666666665
PL_043	0.5564443947191766	0.45765899247777525	0.36420104855254165	0.3555781391147245	0.3620144534778682	0.39588979223125575
PL_044	0.512715964701997	0.4410334346504559	0.23548079050646917	0.20560671040810719	0.22468758588357018	0.3668934570287691
PL_045	0.5798076923076924	0.4246361746361747	0.3091715976331361	0.35848126232741623	0.3012820512820513	0.34960552268244577
PL_046	0.5860939907550077	0.505970724191063	0.49518489984591685	0.5009630200308165	0.5009630200308165	0.4986517719568567
PL_047	0.5260383723381826	0.4625907092536681	0.3662502635462787	0.3684904069154543	0.37036158549441284	0.3621652962260173
PL_048	0.5368803965462104	0.4715106574216743	0.38532938919091786	0.3918052446434282	0.3880156699712184	0.3998001279181324
PL_049	0.5403235419327372	0.4662222222222222	0.3307350427350428	0.3290676883780332	0.3421709401709402	0.3959557258407833
PL_050	0.5357142857142857	0.406832298136646	0.36335403726708076	0.3267857142857143	0.3255952380952381	0.3214285714285714
PL_051	0.5097626752966559	0.43801742919389974	0.3471952535059331	0.3350053937432579	0.32842502696871634	0.37621359223300976
PL_052	0.5417295123177476	0.450197238658777	0.3179989944695827	0.30442433383609857	0.32453494218200096	0.33810960281548513
PL_053	0.5245263394614044	0.40461073318216173	0.19601284958427817	0.20482655872266262	0.19384920634920635	0.21533048481100425
PL_054	0.5620593296480728	0.4337168277343151	0.23981438870992483	0.22720509280564505	0.25163368614818216	0.3287007209694739
PL_055	0.5156898656898656	0.44431057563587684	0.25901554937699517	0.24480486046751107	0.24280712593965606	0.3556894243641232
PL_056	0.5540779768177029	0.41420363482415556	0.2372463636638544	0.23642988901992804	0.2507816988720554	0.3497847358121331
PL_057	0.5233550282670888	0.4597048186168852	0.24102066675106265	0.24957360586172553	0.2420304092928907	0.3355062378619802
PL_058	0.5687991021324356	0.4301166610035112	0.3617057424396874	0.3697474232642428	0.35774153358251215	0.38401857515007365
PL_059	0.6138461538461538	0.40769230769230774	0.38923076923076927	0.3984615384615384	0.3953846153846154	0.39538461538461545
SD_001	0.5723104056437389	0.4488536155202822	0.37125220458553787	0.3888888888888889	0.37125220458553787	0.3853615520282187
SD_002	0.6538461538461539	0.4904761904761904	0.4783950617283951	0.49047619047619045	0.4783950617283951	0.49047619047619045
SD_003	0.49687499999999996	0.33333333333333337	0.3194444444444444	0.28289473684210525	0.305921052631579	0.28289473684210525
SD_004	0.571078431372549	0.25104166666666666	0.2239583333333333	0.22916666666666666	0.2302083333333333	0.24479166666666666
SD_005	0.4205955334987593	0.3646153846153846	0.256923076923077	0.26923076923076933	0.2815384615384616	0.256923076923077
SD_006	0.5580645161290322	0.34444444444444433	0.31481481481481477	0.3049382716049382	0.30740740740740746	0.3024691358024691
SD_007	0.5357142857142857	0.2432712215320911	0.2432712215320911	0.2432712215320911	0.2432712215320911	0.2432712215320911
SD_008	0.6900000000000001	0.606	0.602	0.622	0.622	0.626
SD_009	0.4351851851851851	0.3935185185185185	0.3171296296296296	0.34953703703703703	0.32870370370370366	0.3009259259259259
SD_010	0.6377551020408163	0.48809523809523797	0.4926303854875283	0.5153061224489797	0.5051020408163265	0.5187074829931974
SD_011	0.6339285714285714	0.47360248447204967	0.46428571428571425	0.44047619047619035	0.4464285714285714	0.44047619047619035
SD_012	0.5611790878754171	0.360344827586207	0.32816091954022997	0.3574712643678162	0.3477011494252874	0.36091954022988504
SD_013	0.571150097465887	0.4771598808341609	0.5185185185185184	0.6052631578947368	0.5438596491228069	0.5896686159844053
SD_014	0.6066176470588236	0.49816176470588236	0.5091911764705883	0.5091911764705883	0.5073529411764706	0.5073529411764706
SD_015	0.5537634408602151	0.525089605734767	0.543010752688172	0.527479091995221	0.5418160095579451	0.529868578255675
SD_016	0.6256830601092895	0.49492583918813426	0.4838017174082747	0.4847775175644028	0.48321623731459795	0.485167837626854
SD_017	0.6548913043478262	0.5842391304347825	0.5733695652173914	0.5842391304347827	0.5733695652173914	0.5842391304347827
SD_018	0.4375	0.41123670212765956	0.2476728723404255	0.16722074468085105	0.19049202127659573	0.22307180851063826
SD_019	0.6362980769230769	0.35278497409326426	0.3732512953367876	0.38607512953367873	0.37998704663212435	0.4057642487046632
SD_020	0.6206804891015417	0.4134986225895317	0.4162534435261708	0.4245179063360881	0.42011019283746553	0.4228650137741047
SD_021	0.6345238095238096	0.45941558441558444	0.4626623376623377	0.4642857142857143	0.46428571428571436	0.46266233766233766
SD_022	0.609134199134199	0.3681233557439345	0.35208453966415754	0.350752750434279	0.34976838448176034	0.38138390272148226
SD_023	0.4772727272727273	0.38602941176470584	0.39338235294117646	0.38602941176470584	0.38602941176470584	0.38602941176470584
SD_024	0.619047619047619	0.49159663865546216	0.5336134453781513	0.5079365079365079	0.5	0.5079365079365079
SD_025	0.4999999999999999	0.46212121212121215	0.4772727272727273	0.46212121212121215	0.46212121212121215	0.46212121212121215
SD_026	0.5	0.4166666666666667	0.4166666666666667	0.4166666666666667	0.4166666666666667	0.4166666666666667
SD_027	0.575	0.47115384615384615	0.47115384615384615	0.47115384615384615	0.47115384615384615	0.47115384615384615
SD_028	0.5909090909090908	0.4454545454545455	0.4454545454545455	0.4454545454545455	0.4454545454545455	0.4454545454545455
SD_029	0.5	0.46666666666666673	0.46666666666666673	0.46666666666666673	0.46666666666666673	0.46666666666666673
SD_030	0.45833333333333326	0.45833333333333326	0.45833333333333326	0.45833333333333326	0.45833333333333326	0.45833333333333326
