	NoOrder	MR	Krisk	Kdegree	Degree	eigenc
PL_001	0.5846647164716473	0.31582979726544086	0.23503064592173498	0.22111257368511414	0.21973902592571395	0.25465003147713605
PL_002	0.5709192961165048	0.4336734693877551	0.3517219387755102	0.3244894801980198	0.31953898514851486	0.31969368811881194
PL_003	0.4140000000000001	0.21764705882352942	0.292156862745098	0.20901960784313725	0.2058823529411765	0.21450980392156863
PL_004	0.5097597597597596	0.46612394957983194	0.37126832715068014	0.3771860095389507	0.37382971206500626	0.38434022257551675
PL_005	0.5691414141414142	0.4380497714575927	0.29743315508021395	0.2936643748408454	0.29025210084033615	0.34824038706391647
PL_006	0.5378965296998084	0.4374460742018982	0.4053062985332182	0.39301121656600513	0.4089732528041415	0.39322691975841234
PL_007	0.5620748299319729	0.4465130023640662	0.3519503546099291	0.32291666666666663	0.3292824074074074	0.35127314814814814
PL_008	0.5586622807017545	0.4786184210526316	0.4358552631578947	0.4369517543859649	0.4298245614035088	0.4385964912280701
PL_009	0.5552650558961413	0.43305084745762723	0.27824858757062143	0.2693532876547662	0.26436470729655004	0.3195396081259767
PL_010	0.606132075471698	0.5085650446871895	0.4765392254220457	0.4781529294935452	0.480759682224429	0.4973932472691162
PL_011	0.5621301775147929	0.4169230769230769	0.4046153846153846	0.4107692307692308	0.4107692307692308	0.3984615384615385
PL_012	0.600328587075575	0.34510932105868813	0.2905638665132337	0.3035476718403547	0.2864745011086475	0.31729490022172946
PL_013	0.5477120535714285	0.471797052154195	0.32808956916099774	0.3331916099773242	0.3615362811791383	0.3828125
PL_014	0.569088319088319	0.4377967711301044	0.4000474833808167	0.3682336182336182	0.3998100664767331	0.46794871794871795
PL_015	0.5716151757818425	0.47795989906256064	0.40496104469488503	0.39932613221586605	0.39934896874060366	0.41768479506122086
PL_016	0.537435644648921	0.46888655345981534	0.37349964046684	0.32122905027932963	0.3710428305400372	0.39462153576514414
PL_017	0.5733685633525869	0.45793000744601636	0.4254024824874033	0.41962639793535705	0.4238048420793904	0.4234361558313875
PL_018	0.5983016983016983	0.44976525821596247	0.3394366197183099	0.3422535211267606	0.3384976525821597	0.35848423876592894
PL_019	0.5903567984570878	0.4440677966101695	0.30427807486631014	0.3077783179387457	0.31147301895964996	0.3265435099659699
PL_020	0.5422262922262922	0.44329255650010363	0.36564379017209203	0.34198209198209195	0.3674061787269335	0.3893976393976394
PL_021	0.5183547175640321	0.45634833137881986	0.2524102956356136	0.2135275098587482	0.24711457221520855	0.4070701634494948
PL_022	0.4479166666666667	0.4183970856102004	0.3422586520947177	0.27847222222222223	0.2979166666666667	0.38581196581196575
PL_023	0.5309769038701624	0.4327107279693486	0.31297892720306514	0.2836047254150702	0.30787037037037035	0.2899904214559387
PL_024	0.5303030303030304	0.5027777777777778	0.3222222222222222	0.3305555555555555	0.29722222222222217	0.33888888888888885
PL_025	0.5397727272727273	0.45292207792207784	0.4496753246753246	0.44845779220779214	0.4541396103896103	0.45819805194805185
PL_026	0.722905791697738	0.32449978714346533	0.21360153256704986	0.21530438484461473	0.23297147722435077	0.19699872286079187
PL_027	0.5644144144144145	0.45901826484018265	0.2806306306306307	0.26711711711711716	0.2632882882882883	0.2912162162162163
PL_028	0.5638238012941602	0.4444668983913992	0.3423732923773341	0.3442728962897098	0.3486783606822407	0.3743432220515722
PL_029	0.5695834184194405	0.42704160246533135	0.3111823067383216	0.30176638758423524	0.3073067383216205	0.3271901163977946
PL_030	0.5689089417555374	0.4657681940700809	0.3073782033230075	0.25006836204539235	0.25581077385835393	0.3465955701394586
PL_031	0.553150930701951	0.3189675870348139	0.2235827664399093	0.26031746031746034	0.22312925170068026	0.28662131519274375
PL_032	0.5194250194250194	0.43221690590111644	0.37878787878787884	0.3795648795648796	0.37412587412587417	0.3951048951048951
PL_033	0.5767263427109974	0.5326086956521741	0.5031969309462916	0.4910485933503836	0.4936061381074168	0.5159846547314578
PL_034	0.5501603890728477	0.44890624999999995	0.35583333333333333	0.35968749999999994	0.34953125	0.3663541666666667
PL_035	0.5545321637426901	0.36363636363636365	0.3535353535353536	0.3500631313131314	0.3226010101010101	0.3595328282828283
PL_036	0.6091269841269841	0.37083333333333335	0.3541666666666667	0.2785087719298246	0.2828947368421053	0.29166666666666674
PL_037	0.48596938775510207	0.40104166666666663	0.275765306122449	0.2645408163265306	0.2528061224489796	0.2997448979591837
PL_038	0.5425170068027211	0.43658892128279886	0.37487852283770656	0.3773080660835763	0.36467444120505343	0.43658892128279886
PL_039	0.5438981562774362	0.4274217149546386	0.30245829675153646	0.303921568627451	0.31182323675738954	0.30831138425519466
PL_040	0.5765082574991575	0.40415785764622975	0.35259917920656636	0.3040873854827344	0.310077519379845	0.4164138860802157
PL_041	0.47807308970099666	0.43939393939393945	0.32135306553911214	0.33439041578576467	0.31818181818181823	0.35499316005471954
PL_042	0.4833333333333333	0.3833333333333333	0.31666666666666665	0.31666666666666665	0.31666666666666665	0.31666666666666665
PL_043	0.5531998209890354	0.45765899247777525	0.3652268064736722	0.35614272809394765	0.36427280939476064	0.39588979223125575
PL_044	0.5361271042196402	0.4410334346504559	0.22823719852333207	0.20577530202148273	0.2235305393314996	0.3668957665029249
PL_045	0.5788461538461538	0.4246361746361747	0.2894477317554241	0.3535502958579882	0.3052268244575937	0.34960552268244577
PL_046	0.5988058551617873	0.505970724191063	0.49402927580893685	0.5009630200308165	0.5001926040061633	0.4986517719568567
PL_047	0.5346826902804133	0.4625907092536681	0.36896479021716216	0.3687539531941809	0.3673044486611849	0.3621652962260173
PL_048	0.5352814198912695	0.4715106574216743	0.38873520946594176	0.3917093060441318	0.3916293572113847	0.3998001279181324
PL_049	0.551068539804172	0.4662222222222222	0.33336752136752135	0.3277394636015325	0.3385811965811966	0.3959557258407833
PL_050	0.5678571428571428	0.406832298136646	0.3658385093167702	0.32916666666666666	0.3291666666666666	0.3214285714285714
PL_051	0.5474110032362458	0.43801742919389974	0.3495685005393743	0.33403451995685013	0.3303667745415318	0.37621359223300976
PL_052	0.5779286073403719	0.450197238658777	0.33157365510306686	0.2968828557063851	0.32101558572146804	0.33810960281548513
PL_053	0.5444378853469762	0.40461073318216173	0.20178571428571432	0.20412379827964244	0.20154006046863188	0.21520867300088076
PL_054	0.5682877244277947	0.4337168277343151	0.2415094339622641	0.2277189753029606	0.2454747660684154	0.3287007209694739
PL_055	0.5485754985754986	0.44431057563587684	0.263196375244568	0.24536093090309957	0.2435073627844712	0.3556894243641232
PL_056	0.5398434442270059	0.41420363482415556	0.24466116302277058	0.23691372584595843	0.2493967159575433	0.3497847358121331
PL_057	0.5323172645281011	0.4597048186168852	0.23446287090037965	0.24972824480253974	0.23745377887541105	0.3355062378619802
PL_058	0.5873176206509539	0.4301166610035112	0.3567221655906671	0.3691811077132178	0.3628383735417374	0.38401857515007365
PL_059	0.6292307692307691	0.40769230769230774	0.3923076923076923	0.4015384615384615	0.39538461538461545	0.39538461538461545
SD_001	0.5317460317460317	0.4488536155202822	0.373015873015873	0.3853615520282187	0.373015873015873	0.3853615520282187
SD_002	0.5789473684210527	0.4904761904761904	0.4783950617283951	0.49047619047619045	0.49047619047619045	0.49047619047619045
SD_003	0.6332236842105263	0.33333333333333337	0.3263888888888889	0.28289473684210525	0.305921052631579	0.28289473684210525
SD_004	0.47009803921568627	0.25104166666666666	0.22499999999999998	0.22916666666666666	0.2208333333333333	0.24479166666666666
SD_005	0.5090497737556561	0.3646153846153846	0.26000000000000006	0.26615384615384624	0.2784615384615386	0.256923076923077
SD_006	0.5444444444444445	0.34444444444444433	0.3049382716049382	0.3049382716049382	0.31481481481481477	0.3024691358024691
SD_007	0.5987394957983192	0.2432712215320911	0.2432712215320911	0.2432712215320911	0.2432712215320911	0.2432712215320911
SD_008	0.7100000000000001	0.606	0.606	0.622	0.614	0.626
SD_009	0.5208333333333334	0.3935185185185185	0.31712962962962954	0.3449074074074074	0.324074074074074	0.3009259259259259
SD_010	0.7046485260770975	0.48809523809523797	0.4926303854875283	0.5153061224489797	0.5051020408163265	0.5187074829931974
SD_011	0.5952380952380952	0.47360248447204967	0.48602484472049684	0.44047619047619035	0.47360248447204956	0.44047619047619035
SD_012	0.5804597701149425	0.360344827586207	0.328735632183908	0.3574712643678162	0.3413793103448276	0.36091954022988504
SD_013	0.5867446393762182	0.4771598808341609	0.5185185185185184	0.6052631578947368	0.5526315789473684	0.5896686159844053
SD_014	0.5606617647058825	0.49816176470588236	0.5202205882352942	0.5073529411764706	0.5073529411764706	0.5073529411764706
SD_015	0.545400238948626	0.525089605734767	0.533452807646356	0.5298685782556751	0.532258064516129	0.529868578255675
SD_016	0.6172911787665886	0.49492583918813426	0.4855581576893052	0.4847775175644028	0.4886807181889148	0.485167837626854
SD_017	0.6657608695652174	0.5842391304347825	0.5733695652173914	0.5842391304347827	0.5733695652173914	0.5842391304347827
SD_018	0.3731971153846154	0.41123670212765956	0.2170877659574468	0.16788563829787234	0.19448138297872336	0.22307180851063826
SD_019	0.758635265700483	0.35278497409326426	0.37286269430051816	0.38607512953367873	0.3803756476683937	0.4057642487046632
SD_020	0.5792131844763423	0.4134986225895317	0.4090909090909091	0.4245179063360881	0.41460055096418735	0.4228650137741047
SD_021	0.6265873015873016	0.45941558441558444	0.4707792207792208	0.46185064935064934	0.46022727272727276	0.46266233766233766
SD_022	0.634896432681243	0.3681233557439345	0.352547770700637	0.3507817023740589	0.3503763752171396	0.38138390272148226
SD_023	0.47159090909090906	0.38602941176470584	0.39338235294117646	0.38602941176470584	0.38602941176470584	0.38602941176470584
SD_024	0.6428571428571427	0.49159663865546216	0.4831932773109243	0.5079365079365079	0.5	0.5079365079365079
SD_025	0.5277777777777777	0.46212121212121215	0.46212121212121215	0.46212121212121215	0.46212121212121215	0.46212121212121215
SD_026	0.36666666666666664	0.4166666666666667	0.4166666666666667	0.4166666666666667	0.4166666666666667	0.4166666666666667
SD_027	0.425	0.47115384615384615	0.47115384615384615	0.47115384615384615	0.47115384615384615	0.47115384615384615
SD_028	0.5833333333333333	0.4454545454545455	0.4454545454545455	0.4454545454545455	0.4454545454545455	0.4454545454545455
SD_029	0.425	0.46666666666666673	0.46666666666666673	0.46666666666666673	0.46666666666666673	0.46666666666666673
SD_030	0.5416666666666667	0.45833333333333326	0.45833333333333326	0.45833333333333326	0.45833333333333326	0.45833333333333326
