	NoOrder	MR	Krisk	Kdegree	Degree	eigenc
PL_001	0.61509900990099	0.31582979726544086	0.23927392739273926	0.22122703599839752	0.22139872946832256	0.25465003147713605
PL_002	0.5470281862745099	0.4336734693877551	0.3404017857142857	0.3244894801980198	0.32387066831683176	0.31984839108910895
PL_003	0.534	0.21764705882352942	0.2537254901960784	0.20980392156862746	0.2058823529411765	0.21450980392156863
PL_004	0.5272478360713654	0.46612394957983194	0.36747041158805865	0.37506624271330163	0.3735647412118	0.38434022257551675
PL_005	0.5583232323232323	0.4380497714575927	0.2912910618792972	0.29364400305576777	0.29869620575502925	0.34824038706391647
PL_006	0.5398126463700232	0.4374460742018982	0.40509059534081104	0.3925798101811906	0.40983606557377045	0.39322691975841234
PL_007	0.5819160997732427	0.4465130023640662	0.3472222222222222	0.32291666666666663	0.3258101851851851	0.35127314814814814
PL_008	0.5789473684210527	0.4786184210526316	0.4298245614035088	0.4369517543859649	0.4424342105263157	0.4385964912280701
PL_009	0.5348299074407978	0.43305084745762723	0.2521637216011541	0.27145690587811044	0.2567916816925112	0.3195396081259767
PL_010	0.6113455809334657	0.5085650446871895	0.48038728897716	0.4787735849056604	0.48274577954319764	0.4973932472691162
PL_011	0.5443786982248521	0.4169230769230769	0.3892307692307692	0.4107692307692308	0.4169230769230769	0.3984615384615385
PL_012	0.5736035049288062	0.34510932105868813	0.294476409666283	0.3017738359201773	0.26917960088691795	0.31729490022172946
PL_013	0.5306919642857143	0.471797052154195	0.33460884353741494	0.33149092970521543	0.3482142857142857	0.3828125
PL_014	0.5376139379254643	0.4377967711301044	0.400997150997151	0.36989553656220314	0.38983855650522314	0.46794871794871795
PL_015	0.573702490369157	0.47795989906256064	0.40476122510343043	0.39939464179007905	0.4038192184580017	0.41768479506122086
PL_016	0.5506353379340563	0.46888655345981534	0.3877979976768627	0.32265308357980066	0.37961441559864173	0.39462153576514414
PL_017	0.5863954774486912	0.45793000744601636	0.41913481627135313	0.41827454835934624	0.42761459997542095	0.4234361558313875
PL_018	0.5879275653923541	0.44976525821596247	0.3498323272971161	0.34245472837022134	0.33635144198524486	0.35848423876592894
PL_019	0.5545805207328833	0.4440677966101695	0.32216820612542535	0.3088478366553233	0.30670879922216815	0.3265435099659699
PL_020	0.5364265364265364	0.44329255650010363	0.37891353929089777	0.34371184371184366	0.3586691086691086	0.3893976393976394
PL_021	0.5232146822293664	0.45634833137881986	0.25459570839569234	0.2136504393265026	0.24883394119142777	0.4070701634494948
PL_022	0.5321367521367523	0.4183970856102004	0.34371584699453556	0.28194444444444444	0.2993055555555556	0.38581196581196575
PL_023	0.5021067415730337	0.4327107279693486	0.30611430395913153	0.2826468710089399	0.30787037037037035	0.2899904214559387
PL_024	0.45707070707070707	0.5027777777777778	0.35	0.3416666666666666	0.29999999999999993	0.33888888888888885
PL_025	0.5698051948051948	0.45292207792207784	0.44602272727272724	0.4517045454545454	0.4517045454545454	0.45819805194805185
PL_026	0.7219115088242604	0.32449978714346533	0.2410600255427842	0.21509152830991915	0.23382290336313324	0.19827586206896555
PL_027	0.5162162162162163	0.45901826484018265	0.25945945945945953	0.26801801801801806	0.2655405405405406	0.2912162162162163
PL_028	0.5565893653792051	0.4444668983913992	0.3535284132244766	0.34681917387438366	0.3510225527443214	0.3743432220515722
PL_029	0.5968960588115173	0.42704160246533135	0.31211244315832987	0.3032979375127629	0.30574841739840725	0.3271901163977946
PL_030	0.5828547990155867	0.4657681940700809	0.35722331737538715	0.2500683620453924	0.25170905113481	0.3474159146841673
PL_031	0.46530612244897956	0.3189675870348139	0.2276643990929705	0.2600907029478458	0.21337868480725622	0.28662131519274375
PL_032	0.5442890442890443	0.43221690590111644	0.38888888888888895	0.38500388500388505	0.3803418803418804	0.3951048951048951
PL_033	0.5709718670076726	0.5326086956521741	0.487851662404092	0.4910485933503836	0.5006393861892584	0.5159846547314578
PL_034	0.5580729166666667	0.44890624999999995	0.35296875	0.3595312499999999	0.35020833333333334	0.3663541666666667
PL_035	0.5190972222222222	0.36363636363636365	0.3598484848484849	0.34943181818181823	0.32828282828282834	0.3595328282828283
PL_036	0.45039682539682535	0.37083333333333335	0.2958333333333334	0.2785087719298246	0.2785087719298246	0.29166666666666674
PL_037	0.5522959183673469	0.40104166666666663	0.27474489795918366	0.2645408163265306	0.26198979591836735	0.2997448979591837
PL_038	0.5434888241010691	0.43658892128279886	0.3680758017492711	0.37827988338192425	0.3743926141885326	0.43658892128279886
PL_039	0.5652619256657887	0.4274217149546386	0.3094820017559263	0.3036289142522681	0.3153350892595844	0.30831138425519466
PL_040	0.6001011122345803	0.40415785764622975	0.3442871587462083	0.3040873854827344	0.29844961240310086	0.4164138860802157
PL_041	0.5711354309165527	0.43939393939393945	0.313601127554616	0.33439041578576467	0.3150105708245244	0.35499316005471954
PL_042	0.6277777777777777	0.3833333333333333	0.31666666666666665	0.31666666666666665	0.31666666666666665	0.31666666666666665
PL_043	0.556780040277467	0.45765899247777525	0.35873033963984496	0.3555781391147245	0.3607723577235773	0.39588979223125575
PL_044	0.5217067475906412	0.4410334346504559	0.22430329921158973	0.20587922835849506	0.22641738202628645	0.3668934570287691
PL_045	0.6124999999999999	0.4246361746361747	0.31114398422090733	0.3604536489151874	0.31903353057199213	0.34960552268244577
PL_046	0.5841679506933742	0.505970724191063	0.49942218798151006	0.5017334360554698	0.5032742681047765	0.4986517719568567
PL_047	0.5350516550706305	0.4625907092536681	0.3617172675521822	0.3687275985663082	0.3616118490406916	0.3621652962260173
PL_048	0.5346897985289415	0.4715106574216743	0.3901263191557403	0.39193316277582346	0.38576111288775183	0.3998001279181324
PL_049	0.5466922094508301	0.4662222222222222	0.3368376068376069	0.3293060876968923	0.33056619838229034	0.3959557258407833
PL_050	0.5267857142857143	0.406832298136646	0.3397515527950311	0.3261904761904762	0.3232142857142857	0.3214285714285714
PL_051	0.5069579288025889	0.43801742919389974	0.34449838187702264	0.32659115426105717	0.3331715210355987	0.37621359223300976
PL_052	0.5553041729512317	0.450197238658777	0.3215183509301156	0.30040221216691804	0.3200100553041729	0.33810960281548513
PL_053	0.5067605554618542	0.40461073318216173	0.19892290249433106	0.2046016753808962	0.19209183673469388	0.21547103689960828
PL_054	0.540594971599129	0.4337168277343151	0.2398373983739837	0.2275042184384108	0.2498005829114895	0.3287007209694739
PL_055	0.5268416768416768	0.44431057563587684	0.2624549479971167	0.24486664607146535	0.2374523735969519	0.3556894243641232
PL_056	0.5662230919765167	0.41420363482415556	0.24377816081526507	0.23632102573407118	0.24161299101877887	0.3497847358121331
PL_057	0.5295826567879673	0.4597048186168852	0.24453906678573345	0.2499044877130265	0.2352524480708792	0.3355062378619802
PL_058	0.5673400673400674	0.4301166610035112	0.35853437535394717	0.3696341601540378	0.36057311133763736	0.38401857515007365
PL_059	0.6661538461538461	0.40769230769230774	0.3923076923076924	0.39230769230769236	0.3923076923076924	0.39538461538461545
SD_001	0.5934744268077601	0.4488536155202822	0.373015873015873	0.3853615520282187	0.38007054673721336	0.3853615520282187
SD_002	0.5455840455840456	0.4904761904761904	0.4783950617283951	0.49047619047619045	0.49047619047619045	0.49047619047619045
SD_003	0.6234375	0.33333333333333337	0.3194444444444444	0.28289473684210525	0.2861842105263158	0.28289473684210525
SD_004	0.5916666666666666	0.25104166666666666	0.23124999999999996	0.23020833333333332	0.23020833333333332	0.24479166666666666
SD_005	0.5932400932400932	0.3646153846153846	0.2538461538461539	0.256923076923077	0.2815384615384616	0.256923076923077
SD_006	0.5354166666666667	0.34444444444444433	0.29999999999999993	0.3049382716049382	0.3074074074074073	0.3024691358024691
SD_007	0.653361344537815	0.2432712215320911	0.2432712215320911	0.2432712215320911	0.2432712215320911	0.2432712215320911
SD_008	0.6900000000000001	0.606	0.606	0.622	0.618	0.626
SD_009	0.5509259259259259	0.3935185185185185	0.3611111111111111	0.3449074074074074	0.3472222222222222	0.3009259259259259
SD_010	0.6388888888888888	0.48809523809523797	0.4926303854875283	0.5153061224489797	0.5028344671201813	0.5187074829931974
SD_011	0.5892857142857143	0.47360248447204967	0.4425465838509316	0.44047619047619035	0.4549689440993788	0.44047619047619035
SD_012	0.5158730158730158	0.360344827586207	0.3258620689655173	0.3574712643678162	0.342528735632184	0.36091954022988504
SD_013	0.668615984405458	0.4771598808341609	0.5185185185185184	0.6052631578947368	0.550682261208577	0.5896686159844053
SD_014	0.6875	0.49816176470588236	0.5091911764705883	0.5091911764705883	0.5091911764705883	0.5073529411764706
SD_015	0.5477897252090801	0.525089605734767	0.5406212664277181	0.5286738351254481	0.539426523297491	0.529868578255675
SD_016	0.618071818891491	0.49492583918813426	0.48224043715847	0.4847775175644028	0.48185011709601877	0.485167837626854
SD_017	0.6168478260869565	0.5842391304347825	0.5733695652173914	0.5842391304347827	0.5951086956521738	0.5842391304347827
SD_018	0.37529481132075476	0.41123670212765956	0.24368351063829788	0.16788563829787234	0.17453457446808512	0.22307180851063826
SD_019	0.5975961538461538	0.35278497409326426	0.3732512953367876	0.38607512953367873	0.38102331606217615	0.4057642487046632
SD_020	0.6392876129718235	0.4134986225895317	0.4162534435261708	0.4250688705234159	0.41570247933884297	0.4228650137741047
SD_021	0.6242063492063492	0.45941558441558444	0.45833333333333337	0.4650974025974026	0.4586038961038961	0.46266233766233766
SD_022	0.5564154200230149	0.3681233557439345	0.35327156919513614	0.350752750434279	0.35370584829183555	0.38138390272148226
SD_023	0.5511363636363636	0.38602941176470584	0.39338235294117646	0.38602941176470584	0.38602941176470584	0.38602941176470584
SD_024	0.5079365079365079	0.49159663865546216	0.5084033613445378	0.5079365079365079	0.47619047619047605	0.5079365079365079
SD_025	0.5416666666666666	0.46212121212121215	0.46212121212121215	0.46212121212121215	0.46212121212121215	0.46212121212121215
SD_026	0.5	0.4166666666666667	0.4166666666666667	0.4166666666666667	0.4166666666666667	0.4166666666666667
SD_027	0.49166666666666664	0.47115384615384615	0.47115384615384615	0.47115384615384615	0.47115384615384615	0.47115384615384615
SD_028	0.5363636363636363	0.4454545454545455	0.4454545454545455	0.4454545454545455	0.4454545454545455	0.4454545454545455
SD_029	0.37500000000000006	0.46666666666666673	0.46666666666666673	0.46666666666666673	0.46666666666666673	0.46666666666666673
SD_030	0.5	0.45833333333333326	0.45833333333333326	0.45833333333333326	0.45833333333333326	0.45833333333333326
