	NoOrder	MR	Krisk	Kdegree	Degree	eigenc
PL_001	0.5916404140414041	0.31582979726544086	0.2405115511551155	0.22116980484175583	0.2203685686487724	0.2545928003204944
PL_002	0.5404411764705882	0.4336734693877551	0.3316326530612245	0.3243347772277228	0.31953898514851486	0.31984839108910895
PL_003	0.5453333333333332	0.21764705882352942	0.2835294117647058	0.20901960784313725	0.20196078431372552	0.21450980392156863
PL_004	0.5199169757993287	0.46612394957983194	0.3725048577989754	0.371709945239357	0.37303479950538765	0.38434022257551675
PL_005	0.5585353535353536	0.4380497714575927	0.29582378405907817	0.29352177234530175	0.28689075630252103	0.34824038706391647
PL_006	0.5474771130508834	0.4374460742018982	0.40056082830025885	0.39322691975841234	0.39603106125970666	0.39322691975841234
PL_007	0.5439342403628119	0.4465130023640662	0.375	0.32291666666666663	0.3443287037037037	0.35127314814814814
PL_008	0.5646929824561402	0.4786184210526316	0.4276315789473684	0.4369517543859649	0.4309210526315789	0.4385964912280701
PL_009	0.5433645870897944	0.43305084745762723	0.2723584565452578	0.27344031734583496	0.2778278639259527	0.3195396081259767
PL_010	0.6077457795431974	0.5085650446871895	0.4745531281032771	0.47740814299900697	0.480759682224429	0.4973932472691162
PL_011	0.6005917159763314	0.4169230769230769	0.38923076923076916	0.4107692307692308	0.3676923076923077	0.3984615384615385
PL_012	0.5821467688937566	0.34510932105868813	0.28158803222094375	0.30288248337028817	0.28203991130820394	0.31729490022172946
PL_013	0.5236678004535147	0.471797052154195	0.35359977324263037	0.3270089285714286	0.34651360544217685	0.3828125
PL_014	0.57672781816084	0.4377967711301044	0.3886514719848053	0.37167616334282993	0.4091880341880342	0.46794871794871795
PL_015	0.5655314405314406	0.47795989906256064	0.4038420549827394	0.3992652348165657	0.39509376296448545	0.41768479506122086
PL_016	0.5319585934932631	0.46888655345981534	0.38254328226118706	0.3223518457662395	0.37545185672034176	0.39462153576514414
PL_017	0.5748433083445987	0.45793000744601636	0.427123018311417	0.419749293351358	0.4304411945434436	0.4234361558313875
PL_018	0.5891774891774891	0.44976525821596247	0.34292421193829653	0.3422535211267606	0.3407780013413817	0.35848423876592894
PL_019	0.5652844744455159	0.4440677966101695	0.31934856587263	0.308458920758386	0.31312591152163344	0.3265435099659699
PL_020	0.5547415547415547	0.44329255650010363	0.3694795770267469	0.3433048433048433	0.3812979473356832	0.3893976393976394
PL_021	0.5220909240111604	0.45634833137881986	0.25333324227446835	0.2138748343866893	0.25554399579190096	0.4070701634494948
PL_022	0.46478632478632476	0.4183970856102004	0.3473588342440802	0.28541666666666676	0.3065972222222223	0.38581196581196575
PL_023	0.5236423220973783	0.4327107279693486	0.305316091954023	0.2853607918263091	0.31441570881226055	0.2901500638569604
PL_024	0.6414141414141414	0.5027777777777778	0.32499999999999996	0.3361111111111111	0.29999999999999993	0.33888888888888885
PL_025	0.5689935064935064	0.45292207792207784	0.4391233766233766	0.44845779220779214	0.45292207792207795	0.45819805194805185
PL_026	0.4795550584141188	0.32449978714346533	0.21636866751809283	0.21466581524052789	0.22573435504469988	0.19699872286079187
PL_027	0.5153153153153153	0.45901826484018265	0.25810810810810814	0.26711711711711716	0.2630630630630631	0.2912162162162163
PL_028	0.5454563723323017	0.4444668983913992	0.35045671328106054	0.3447579015439334	0.3517904777301754	0.3743432220515722
PL_029	0.5645293036552992	0.42704160246533135	0.31180239768499385	0.3016132325913825	0.30921868540719305	0.3271901163977946
PL_030	0.5462127426852612	0.4657681940700809	0.31272880878625736	0.25143560295324036	0.25772491112934104	0.34741591468416727
PL_031	0.5428347163041041	0.3189675870348139	0.2235827664399093	0.26077097505668934	0.21700680272108844	0.28662131519274375
PL_032	0.5520590520590521	0.43221690590111644	0.38111888111888115	0.3818958818958819	0.3834498834498835	0.3951048951048951
PL_033	0.5882352941176471	0.5326086956521741	0.4936061381074168	0.4910485933503836	0.49168797953964194	0.5159846547314578
PL_034	0.5470833333333334	0.44890624999999995	0.3670312499999999	0.3594270833333333	0.34984375	0.3663541666666667
PL_035	0.5186237373737375	0.36363636363636365	0.34816919191919193	0.34943181818181823	0.31534090909090917	0.3595328282828283
PL_036	0.5734126984126984	0.37083333333333335	0.2875	0.2785087719298246	0.29166666666666663	0.29166666666666674
PL_037	0.5084183673469388	0.40104166666666663	0.2573979591836735	0.2645408163265306	0.24617346938775508	0.2997448979591837
PL_038	0.4973275024295432	0.43658892128279886	0.3685617103984451	0.3748785228377065	0.38994169096209913	0.43658892128279886
PL_039	0.5690664325431666	0.4274217149546386	0.31211589113257243	0.3045068773778168	0.31006731050629205	0.30831138425519466
PL_040	0.5374115267947422	0.40415785764622975	0.3422649140546006	0.30338266384778023	0.3033826638477802	0.4164138860802157
PL_041	0.5803693570451438	0.43939393939393945	0.3241719520789289	0.33439041578576467	0.31853417899929537	0.35499316005471954
PL_042	0.65625	0.3833333333333333	0.31666666666666665	0.31666666666666665	0.31666666666666665	0.31666666666666665
PL_043	0.559577086596554	0.45765899247777525	0.36477091406428086	0.3555781391147245	0.3580623306233062	0.39588979223125575
PL_044	0.523792202753355	0.4410334346504559	0.23087610196927877	0.20572218411589863	0.22752823909524042	0.3668911475546132
PL_045	0.5596153846153846	0.4246361746361747	0.3081854043392505	0.3515779092702169	0.2943786982248521	0.34960552268244577
PL_046	0.6061248073959938	0.505970724191063	0.4974961479198768	0.5017334360554698	0.4998073959938367	0.4986517719568567
PL_047	0.5286738351254481	0.4625907092536681	0.3643527303394476	0.3682005060088551	0.36437908496732024	0.3621652962260173
PL_048	0.5378078030060761	0.4715106574216743	0.3938519347617524	0.3922369683402622	0.38971058522545565	0.3998001279181324
PL_049	0.5531971051511282	0.4662222222222222	0.3429230769230769	0.32695615155385266	0.34135042735042737	0.3959557258407833
PL_050	0.5720238095238095	0.406832298136646	0.36273291925465845	0.3255952380952381	0.31666666666666665	0.3214285714285714
PL_051	0.5480582524271844	0.43801742919389974	0.3438511326860842	0.3303667745415319	0.3295037756202805	0.37621359223300976
PL_052	0.5472599296128707	0.450197238658777	0.32905982905982906	0.3009049773755656	0.32101558572146804	0.33810960281548513
PL_053	0.5175174753096832	0.40461073318216173	0.19625850340136056	0.20467663649481832	0.20087868480725624	0.21544292648188748
PL_054	0.5555035253628154	0.4337168277343151	0.24292069335787697	0.2273891701181163	0.2499539806718822	0.3287007209694739
PL_055	0.523015873015873	0.44431057563587684	0.2592832869941304	0.24499021727937392	0.24919163834826485	0.3556894243641232
PL_056	0.5483998193587234	0.41420363482415556	0.23476669993044846	0.23694396564758533	0.24640297559648006	0.3497847358121331
PL_057	0.5301364006422065	0.4597048186168852	0.24013450894654428	0.24978509735430968	0.2382686734662456	0.3355062378619802
PL_058	0.5803591470258137	0.4301166610035112	0.355136482047797	0.3692943708234228	0.36646279306829765	0.38401857515007365
PL_059	0.5523076923076923	0.40769230769230774	0.39230769230769236	0.3892307692307693	0.3892307692307693	0.39538461538461545
SD_001	0.5846560846560847	0.4488536155202822	0.36772486772486773	0.3853615520282187	0.373015873015873	0.3853615520282187
SD_002	0.6481481481481481	0.4904761904761904	0.49047619047619045	0.49047619047619045	0.4783950617283951	0.49047619047619045
SD_003	0.5984375	0.33333333333333337	0.3246527777777778	0.28289473684210525	0.3042763157894737	0.28289473684210525
SD_004	0.49754901960784315	0.25104166666666666	0.23437499999999997	0.23020833333333332	0.23124999999999998	0.24479166666666666
SD_005	0.5326340326340326	0.3646153846153846	0.256923076923077	0.256923076923077	0.2815384615384616	0.256923076923077
SD_006	0.4474747474747476	0.34444444444444433	0.30987654320987656	0.3049382716049382	0.31481481481481477	0.3024691358024691
SD_007	0.5779220779220778	0.2432712215320911	0.2432712215320911	0.2432712215320911	0.2432712215320911	0.2432712215320911
SD_008	0.634	0.606	0.606	0.622	0.622	0.626
SD_009	0.5856481481481481	0.3935185185185185	0.3449074074074074	0.3333333333333333	0.31249999999999994	0.3009259259259259
SD_010	0.6615646258503401	0.48809523809523797	0.4926303854875283	0.5153061224489797	0.5039682539682538	0.5187074829931974
SD_011	0.5744047619047618	0.47360248447204967	0.45807453416149063	0.44047619047619035	0.44254658385093165	0.44047619047619035
SD_012	0.5701149425287355	0.360344827586207	0.33390804597701146	0.3574712643678162	0.34827586206896555	0.36091954022988504
SD_013	0.6627680311890838	0.4771598808341609	0.5185185185185184	0.6052631578947368	0.5526315789473684	0.5896686159844053
SD_014	0.625	0.49816176470588236	0.5128676470588236	0.5091911764705883	0.5110294117647058	0.5073529411764706
SD_015	0.550179211469534	0.525089605734767	0.5430107526881721	0.526284348864994	0.541816009557945	0.529868578255675
SD_016	0.613583138173302	0.49492583918813426	0.48536299765807966	0.4847775175644028	0.4877049180327869	0.485167837626854
SD_017	0.6114130434782609	0.5842391304347825	0.5733695652173914	0.5842391304347827	0.5733695652173914	0.5842391304347827
SD_018	0.4417067307692308	0.41123670212765956	0.24102393617021278	0.1685505319148936	0.17121010638297873	0.22307180851063826
SD_019	0.6056490384615385	0.35278497409326426	0.37247409326424874	0.38607512953367873	0.3807642487046632	0.4057642487046632
SD_020	0.5818713450292398	0.4134986225895317	0.4184573002754821	0.4245179063360881	0.41735537190082644	0.4228650137741047
SD_021	0.6257936507936508	0.45941558441558444	0.4586038961038961	0.46022727272727276	0.4642857142857143	0.46266233766233766
SD_022	0.595627157652474	0.3681233557439345	0.35170816444701797	0.350752750434279	0.3519687319050375	0.38138390272148226
SD_023	0.5036764705882353	0.38602941176470584	0.39338235294117646	0.38602941176470584	0.38602941176470584	0.38602941176470584
SD_024	0.5168067226890756	0.49159663865546216	0.4831932773109243	0.5079365079365079	0.5	0.5079365079365079
SD_025	0.5416666666666666	0.46212121212121215	0.46212121212121215	0.46212121212121215	0.46212121212121215	0.46212121212121215
SD_026	0.5	0.4166666666666667	0.4166666666666667	0.4166666666666667	0.4166666666666667	0.4166666666666667
SD_027	0.4416666666666667	0.47115384615384615	0.47115384615384615	0.47115384615384615	0.47115384615384615	0.47115384615384615
SD_028	0.55	0.4454545454545455	0.4454545454545455	0.4454545454545455	0.4454545454545455	0.4454545454545455
SD_029	0.575	0.46666666666666673	0.46666666666666673	0.46666666666666673	0.46666666666666673	0.46666666666666673
SD_030	0.4375	0.45833333333333326	0.45833333333333326	0.45833333333333326	0.45833333333333326	0.45833333333333326
