0.0000  1.0000 
0.0085  0.9929 
0.0169  0.9858 
0.0254  0.9787 
0.0339  0.9716 
0.0424  0.9645 
0.0508  0.9574 
0.0593  0.9504 
0.0678  0.9433 
0.0763  0.9362 
0.0847  0.9291 
0.0932  0.9220 
0.1017  0.9149 
0.1102  0.9078 
0.1186  0.9007 
0.1271  0.8936 
0.1356  0.8865 
0.1441  0.8794 
0.1525  0.8723 
0.1610  0.8652 
0.1695  0.8582 
0.1780  0.8511 
0.1864  0.8440 
0.1949  0.8369 
0.2034  0.8298 
0.2119  0.8227 
0.2203  0.8156 
0.2288  0.8085 
0.2373  0.8014 
0.2458  0.7943 
0.2542  0.7872 
0.2627  0.7801 
0.2712  0.7730 
0.2797  0.7660 
0.2881  0.7589 
0.2966  0.7518 
0.3051  0.7447 
0.3136  0.7376 
0.3220  0.7305 
0.3305  0.7234 
0.3390  0.7163 
0.3475  0.7092 
0.3559  0.6950 
0.3644  0.6879 
0.3729  0.6809 
0.3814  0.6738 
0.3898  0.6667 
0.3983  0.6596 
0.4068  0.6525 
0.4153  0.6383 
0.4237  0.6312 
0.4322  0.6241 
0.4407  0.6170 
0.4492  0.6099 
0.4576  0.6028 
0.4661  0.5957 
0.4746  0.5887 
0.4831  0.5816 
0.4915  0.5745 
0.5000  0.5674 
0.5085  0.5603 
0.5169  0.5532 
0.5254  0.5461 
0.5339  0.5390 
0.5424  0.5319 
0.5508  0.5248 
0.5593  0.5177 
0.5678  0.5106 
0.5763  0.5035 
0.5847  0.4965 
0.5932  0.4894 
0.6017  0.4823 
0.6102  0.4752 
0.6186  0.4539 
0.6271  0.4468 
0.6356  0.4397 
0.6441  0.4326 
0.6525  0.4255 
0.6610  0.4184 
0.6695  0.4113 
0.6780  0.4043 
0.6864  0.3972 
0.6949  0.3901 
0.7034  0.3830 
0.7119  0.3759 
0.7203  0.3688 
0.7288  0.3617 
0.7373  0.3475 
0.7458  0.3333 
0.7542  0.3262 
0.7627  0.3191 
0.7712  0.2128 
0.7797  0.2128 
0.7881  0.1986 
0.7966  0.1915 
0.8051  0.1915 
0.8136  0.1915 
0.8220  0.1844 
0.8305  0.1844 
0.8390  0.1844 
0.8475  0.1844 
0.8559  0.1773 
0.8644  0.1773 
0.8729  0.1773 
0.8814  0.0780 
0.8898  0.0780 
0.8983  0.0709 
0.9068  0.0709 
0.9153  0.0638 
0.9237  0.0567 
0.9322  0.0496 
0.9407  0.0496 
0.9492  0.0426 
0.9576  0.0213 
0.9661  0.0213 
0.9746  0.0213 
0.9831  0.0142 
0.9915  0.0071 
1.0000  0.0000 
