0.0000  1.0000 
0.0015  0.9987 
0.0030  0.9974 
0.0044  0.9961 
0.0059  0.9948 
0.0074  0.9935 
0.0089  0.9922 
0.0103  0.9908 
0.0118  0.9895 
0.0133  0.9882 
0.0148  0.9869 
0.0162  0.9856 
0.0177  0.9843 
0.0192  0.9830 
0.0207  0.9817 
0.0222  0.9791 
0.0236  0.9778 
0.0251  0.9765 
0.0266  0.9752 
0.0281  0.9739 
0.0295  0.9725 
0.0310  0.9660 
0.0325  0.9647 
0.0340  0.9634 
0.0355  0.9621 
0.0369  0.9608 
0.0384  0.9595 
0.0399  0.9582 
0.0414  0.9569 
0.0428  0.9556 
0.0443  0.9542 
0.0458  0.9529 
0.0473  0.9516 
0.0487  0.9503 
0.0502  0.9490 
0.0517  0.9477 
0.0532  0.9464 
0.0547  0.9451 
0.0561  0.9438 
0.0576  0.9425 
0.0591  0.9412 
0.0606  0.9399 
0.0620  0.9386 
0.0635  0.9373 
0.0650  0.9359 
0.0665  0.9346 
0.0679  0.9333 
0.0694  0.9320 
0.0709  0.9307 
0.0724  0.9294 
0.0739  0.9281 
0.0753  0.9268 
0.0768  0.9255 
0.0783  0.9242 
0.0798  0.9229 
0.0812  0.9216 
0.0827  0.9203 
0.0842  0.9190 
0.0857  0.9176 
0.0871  0.9163 
0.0886  0.9150 
0.0901  0.9137 
0.0916  0.9124 
0.0931  0.9111 
0.0945  0.9098 
0.0960  0.9085 
0.0975  0.9072 
0.0990  0.9059 
0.1004  0.9046 
0.1019  0.9033 
0.1034  0.9020 
0.1049  0.8993 
0.1064  0.8980 
0.1078  0.8967 
0.1093  0.8941 
0.1108  0.8928 
0.1123  0.8915 
0.1137  0.8902 
0.1152  0.8889 
0.1167  0.8876 
0.1182  0.8863 
0.1196  0.8850 
0.1211  0.8837 
0.1226  0.8824 
0.1241  0.8810 
0.1256  0.8797 
0.1270  0.8784 
0.1285  0.8771 
0.1300  0.8758 
0.1315  0.8745 
0.1329  0.8732 
0.1344  0.8719 
0.1359  0.8706 
0.1374  0.8693 
0.1388  0.8680 
0.1403  0.8667 
0.1418  0.8654 
0.1433  0.8641 
0.1448  0.8627 
0.1462  0.8614 
0.1477  0.8601 
0.1492  0.8588 
0.1507  0.8575 
0.1521  0.8562 
0.1536  0.8549 
0.1551  0.8536 
0.1566  0.8523 
0.1581  0.8510 
0.1595  0.8497 
0.1610  0.8484 
0.1625  0.8471 
0.1640  0.8458 
0.1654  0.8444 
0.1669  0.8431 
0.1684  0.8418 
0.1699  0.8405 
0.1713  0.8392 
0.1728  0.8379 
0.1743  0.8366 
0.1758  0.8353 
0.1773  0.8340 
0.1787  0.8327 
0.1802  0.8314 
0.1817  0.8301 
0.1832  0.8288 
0.1846  0.8275 
0.1861  0.8261 
0.1876  0.8248 
0.1891  0.8235 
0.1905  0.8222 
0.1920  0.8209 
0.1935  0.8196 
0.1950  0.8183 
0.1965  0.8170 
0.1979  0.8157 
0.1994  0.8144 
0.2009  0.8131 
0.2024  0.8118 
0.2038  0.8105 
0.2053  0.8092 
0.2068  0.8078 
0.2083  0.8052 
0.2097  0.8039 
0.2112  0.8026 
0.2127  0.8013 
0.2142  0.8000 
0.2157  0.7987 
0.2171  0.7974 
0.2186  0.7961 
0.2201  0.7948 
0.2216  0.7935 
0.2230  0.7922 
0.2245  0.7908 
0.2260  0.7895 
0.2275  0.7882 
0.2290  0.7869 
0.2304  0.7856 
0.2319  0.7843 
0.2334  0.7830 
0.2349  0.7817 
0.2363  0.7804 
0.2378  0.7791 
0.2393  0.7778 
0.2408  0.7765 
0.2422  0.7752 
0.2437  0.7739 
0.2452  0.7725 
0.2467  0.7712 
0.2482  0.7699 
0.2496  0.7686 
0.2511  0.7673 
0.2526  0.7660 
0.2541  0.7647 
0.2555  0.7634 
0.2570  0.7621 
0.2585  0.7608 
0.2600  0.7595 
0.2614  0.7582 
0.2629  0.7569 
0.2644  0.7556 
0.2659  0.7542 
0.2674  0.7529 
0.2688  0.7516 
0.2703  0.7503 
0.2718  0.7490 
0.2733  0.7477 
0.2747  0.7464 
0.2762  0.7451 
0.2777  0.7438 
0.2792  0.7425 
0.2806  0.7412 
0.2821  0.7399 
0.2836  0.7386 
0.2851  0.7373 
0.2866  0.7359 
0.2880  0.7346 
0.2895  0.7242 
0.2910  0.7229 
0.2925  0.7216 
0.2939  0.7203 
0.2954  0.7190 
0.2969  0.7176 
0.2984  0.7163 
0.2999  0.7150 
0.3013  0.7137 
0.3028  0.7124 
0.3043  0.7111 
0.3058  0.7098 
0.3072  0.7085 
0.3087  0.7072 
0.3102  0.7072 
0.3117  0.7059 
0.3131  0.7046 
0.3146  0.7033 
0.3161  0.7020 
0.3176  0.7007 
0.3191  0.6993 
0.3205  0.6980 
0.3220  0.6967 
0.3235  0.6954 
0.3250  0.6941 
0.3264  0.6928 
0.3279  0.6915 
0.3294  0.6902 
0.3309  0.6889 
0.3323  0.6876 
0.3338  0.6863 
0.3353  0.6850 
0.3368  0.6837 
0.3383  0.6824 
0.3397  0.6810 
0.3412  0.6797 
0.3427  0.6784 
0.3442  0.6771 
0.3456  0.6758 
0.3471  0.6745 
0.3486  0.6732 
0.3501  0.6719 
0.3516  0.6706 
0.3530  0.6706 
0.3545  0.6693 
0.3560  0.6680 
0.3575  0.6667 
0.3589  0.6654 
0.3604  0.6641 
0.3619  0.6627 
0.3634  0.6614 
0.3648  0.6601 
0.3663  0.6588 
0.3678  0.6575 
0.3693  0.6562 
0.3708  0.6549 
0.3722  0.6536 
0.3737  0.6523 
0.3752  0.6510 
0.3767  0.6497 
0.3781  0.6484 
0.3796  0.6471 
0.3811  0.6458 
0.3826  0.6444 
0.3840  0.6431 
0.3855  0.6418 
0.3870  0.6405 
0.3885  0.6392 
0.3900  0.6379 
0.3914  0.6366 
0.3929  0.6353 
0.3944  0.6340 
0.3959  0.6327 
0.3973  0.6314 
0.3988  0.6301 
0.4003  0.6288 
0.4018  0.6275 
0.4032  0.6261 
0.4047  0.6248 
0.4062  0.6235 
0.4077  0.6222 
0.4092  0.6209 
0.4106  0.6196 
0.4121  0.6183 
0.4136  0.6170 
0.4151  0.6157 
0.4165  0.6144 
0.4180  0.6131 
0.4195  0.6118 
0.4210  0.6105 
0.4225  0.6092 
0.4239  0.6078 
0.4254  0.6065 
0.4269  0.6052 
0.4284  0.6039 
0.4298  0.6026 
0.4313  0.6013 
0.4328  0.6000 
0.4343  0.5987 
0.4357  0.5974 
0.4372  0.5961 
0.4387  0.5948 
0.4402  0.5935 
0.4417  0.5922 
0.4431  0.5908 
0.4446  0.5895 
0.4461  0.5882 
0.4476  0.5869 
0.4490  0.5856 
0.4505  0.5843 
0.4520  0.5830 
0.4535  0.5817 
0.4549  0.5804 
0.4564  0.5791 
0.4579  0.5778 
0.4594  0.5765 
0.4609  0.5752 
0.4623  0.5739 
0.4638  0.5725 
0.4653  0.5712 
0.4668  0.5712 
0.4682  0.5699 
0.4697  0.5686 
0.4712  0.5673 
0.4727  0.5660 
0.4742  0.5647 
0.4756  0.5634 
0.4771  0.5595 
0.4786  0.5582 
0.4801  0.5569 
0.4815  0.5556 
0.4830  0.5542 
0.4845  0.5529 
0.4860  0.5516 
0.4874  0.5503 
0.4889  0.5490 
0.4904  0.5477 
0.4919  0.5464 
0.4934  0.5451 
0.4948  0.5438 
0.4963  0.5425 
0.4978  0.5412 
0.4993  0.5399 
0.5007  0.5386 
0.5022  0.5359 
0.5037  0.5346 
0.5052  0.5333 
0.5066  0.5320 
0.5081  0.5307 
0.5096  0.5294 
0.5111  0.5281 
0.5126  0.5255 
0.5140  0.5242 
0.5155  0.5229 
0.5170  0.5216 
0.5185  0.5203 
0.5199  0.5190 
0.5214  0.5176 
0.5229  0.5163 
0.5244  0.5150 
0.5258  0.5137 
0.5273  0.5124 
0.5288  0.5111 
0.5303  0.5098 
0.5318  0.5085 
0.5332  0.5072 
0.5347  0.5059 
0.5362  0.5046 
0.5377  0.5033 
0.5391  0.5020 
0.5406  0.5007 
0.5421  0.4993 
0.5436  0.4980 
0.5451  0.4967 
0.5465  0.4954 
0.5480  0.4941 
0.5495  0.4928 
0.5510  0.4915 
0.5524  0.4902 
0.5539  0.4889 
0.5554  0.4876 
0.5569  0.4863 
0.5583  0.4850 
0.5598  0.4837 
0.5613  0.4824 
0.5628  0.4810 
0.5643  0.4797 
0.5657  0.4784 
0.5672  0.4771 
0.5687  0.4758 
0.5702  0.4745 
0.5716  0.4732 
0.5731  0.4719 
0.5746  0.4680 
0.5761  0.4667 
0.5775  0.4654 
0.5790  0.4641 
0.5805  0.4627 
0.5820  0.4614 
0.5835  0.4601 
0.5849  0.4588 
0.5864  0.4575 
0.5879  0.4562 
0.5894  0.4549 
0.5908  0.4536 
0.5923  0.4523 
0.5938  0.4510 
0.5953  0.4497 
0.5968  0.4484 
0.5982  0.4471 
0.5997  0.4458 
0.6012  0.4458 
0.6027  0.4444 
0.6041  0.4431 
0.6056  0.4418 
0.6071  0.4405 
0.6086  0.4392 
0.6100  0.4379 
0.6115  0.4366 
0.6130  0.4353 
0.6145  0.4340 
0.6160  0.4327 
0.6174  0.4314 
0.6189  0.4301 
0.6204  0.4288 
0.6219  0.4275 
0.6233  0.4261 
0.6248  0.4248 
0.6263  0.4235 
0.6278  0.4222 
0.6292  0.4209 
0.6307  0.4196 
0.6322  0.4183 
0.6337  0.4170 
0.6352  0.4157 
0.6366  0.4144 
0.6381  0.4131 
0.6396  0.4118 
0.6411  0.4105 
0.6425  0.4092 
0.6440  0.4078 
0.6455  0.4065 
0.6470  0.3987 
0.6484  0.3974 
0.6499  0.3961 
0.6514  0.3948 
0.6529  0.3935 
0.6544  0.3922 
0.6558  0.3908 
0.6573  0.3895 
0.6588  0.3895 
0.6603  0.3882 
0.6617  0.3869 
0.6632  0.3856 
0.6647  0.3843 
0.6662  0.3830 
0.6677  0.3817 
0.6691  0.3791 
0.6706  0.3778 
0.6721  0.3765 
0.6736  0.3752 
0.6750  0.3739 
0.6765  0.3725 
0.6780  0.3712 
0.6795  0.3699 
0.6809  0.3686 
0.6824  0.3673 
0.6839  0.3660 
0.6854  0.3621 
0.6869  0.3608 
0.6883  0.3595 
0.6898  0.3582 
0.6913  0.3569 
0.6928  0.3556 
0.6942  0.3542 
0.6957  0.3529 
0.6972  0.3516 
0.6987  0.3503 
0.7001  0.3490 
0.7016  0.3477 
0.7031  0.3464 
0.7046  0.3399 
0.7061  0.3386 
0.7075  0.3346 
0.7090  0.3333 
0.7105  0.3320 
0.7120  0.3320 
0.7134  0.3307 
0.7149  0.3294 
0.7164  0.3281 
0.7179  0.3268 
0.7194  0.3255 
0.7208  0.3242 
0.7223  0.3229 
0.7238  0.3216 
0.7253  0.3203 
0.7267  0.3190 
0.7282  0.3176 
0.7297  0.3163 
0.7312  0.3163 
0.7326  0.3150 
0.7341  0.3137 
0.7356  0.3124 
0.7371  0.3111 
0.7386  0.3098 
0.7400  0.3085 
0.7415  0.3072 
0.7430  0.3059 
0.7445  0.3046 
0.7459  0.3033 
0.7474  0.3020 
0.7489  0.3007 
0.7504  0.2993 
0.7518  0.2980 
0.7533  0.2967 
0.7548  0.2954 
0.7563  0.2837 
0.7578  0.2824 
0.7592  0.2810 
0.7607  0.2797 
0.7622  0.2784 
0.7637  0.2771 
0.7651  0.2758 
0.7666  0.2745 
0.7681  0.2732 
0.7696  0.2719 
0.7710  0.2706 
0.7725  0.2693 
0.7740  0.2680 
0.7755  0.2667 
0.7770  0.2654 
0.7784  0.2641 
0.7799  0.2627 
0.7814  0.2614 
0.7829  0.2601 
0.7843  0.2575 
0.7858  0.2562 
0.7873  0.2549 
0.7888  0.2536 
0.7903  0.2523 
0.7917  0.2523 
0.7932  0.2510 
0.7947  0.2497 
0.7962  0.2484 
0.7976  0.2471 
0.7991  0.2458 
0.8006  0.2444 
0.8021  0.2418 
0.8035  0.2405 
0.8050  0.2405 
0.8065  0.2392 
0.8080  0.2379 
0.8095  0.2366 
0.8109  0.2353 
0.8124  0.2288 
0.8139  0.2275 
0.8154  0.2261 
0.8168  0.2248 
0.8183  0.2235 
0.8198  0.2222 
0.8213  0.2209 
0.8227  0.2196 
0.8242  0.2196 
0.8257  0.2196 
0.8272  0.2183 
0.8287  0.2144 
0.8301  0.2131 
0.8316  0.2118 
0.8331  0.2105 
0.8346  0.2092 
0.8360  0.2078 
0.8375  0.2026 
0.8390  0.2013 
0.8405  0.2000 
0.8419  0.1987 
0.8434  0.1974 
0.8449  0.1961 
0.8464  0.1948 
0.8479  0.1935 
0.8493  0.1856 
0.8508  0.1843 
0.8523  0.1843 
0.8538  0.1830 
0.8552  0.1817 
0.8567  0.1804 
0.8582  0.1791 
0.8597  0.1765 
0.8612  0.1752 
0.8626  0.1739 
0.8641  0.1725 
0.8656  0.1712 
0.8671  0.1699 
0.8685  0.1686 
0.8700  0.1673 
0.8715  0.1660 
0.8730  0.1647 
0.8744  0.1634 
0.8759  0.1621 
0.8774  0.1608 
0.8789  0.1595 
0.8804  0.1582 
0.8818  0.1569 
0.8833  0.1556 
0.8848  0.1542 
0.8863  0.1529 
0.8877  0.1503 
0.8892  0.1490 
0.8907  0.1477 
0.8922  0.1464 
0.8936  0.1464 
0.8951  0.1451 
0.8966  0.1451 
0.8981  0.1438 
0.8996  0.1425 
0.9010  0.1412 
0.9025  0.1399 
0.9040  0.1386 
0.9055  0.1373 
0.9069  0.1359 
0.9084  0.1346 
0.9099  0.1333 
0.9114  0.1320 
0.9129  0.1307 
0.9143  0.1307 
0.9158  0.1268 
0.9173  0.1268 
0.9188  0.1255 
0.9202  0.1242 
0.9217  0.1229 
0.9232  0.1216 
0.9247  0.1216 
0.9261  0.1203 
0.9276  0.1190 
0.9291  0.1176 
0.9306  0.1163 
0.9321  0.1150 
0.9335  0.1137 
0.9350  0.1124 
0.9365  0.1111 
0.9380  0.1111 
0.9394  0.1098 
0.9409  0.1085 
0.9424  0.1085 
0.9439  0.1072 
0.9453  0.1059 
0.9468  0.1046 
0.9483  0.1033 
0.9498  0.1020 
0.9513  0.0980 
0.9527  0.0967 
0.9542  0.0954 
0.9557  0.0941 
0.9572  0.0941 
0.9586  0.0928 
0.9601  0.0915 
0.9616  0.0876 
0.9631  0.0863 
0.9645  0.0850 
0.9660  0.0837 
0.9675  0.0706 
0.9690  0.0680 
0.9705  0.0680 
0.9719  0.0601 
0.9734  0.0601 
0.9749  0.0588 
0.9764  0.0588 
0.9778  0.0588 
0.9793  0.0536 
0.9808  0.0536 
0.9823  0.0510 
0.9838  0.0157 
0.9852  0.0118 
0.9867  0.0118 
0.9882  0.0118 
0.9897  0.0118 
0.9911  0.0118 
0.9926  0.0118 
0.9941  0.0026 
0.9956  0.0026 
0.9970  0.0026 
0.9985  0.0013 
1.0000  0.0000 
