0.0000  1.0000 
0.0196  0.9851 
0.0392  0.9701 
0.0588  0.9552 
0.0784  0.9403 
0.0980  0.9254 
0.1176  0.9104 
0.1373  0.8955 
0.1569  0.8806 
0.1765  0.8657 
0.1961  0.8507 
0.2157  0.8358 
0.2353  0.8209 
0.2549  0.8060 
0.2745  0.7910 
0.2941  0.7761 
0.3137  0.7612 
0.3333  0.7463 
0.3529  0.7313 
0.3725  0.7164 
0.3922  0.7015 
0.4118  0.6866 
0.4314  0.6716 
0.4510  0.6567 
0.4706  0.6418 
0.4902  0.6269 
0.5098  0.6119 
0.5294  0.5970 
0.5490  0.5821 
0.5686  0.5672 
0.5882  0.5522 
0.6078  0.5373 
0.6275  0.5224 
0.6471  0.5075 
0.6667  0.4925 
0.6863  0.4776 
0.7059  0.4627 
0.7255  0.4478 
0.7451  0.4030 
0.7647  0.3881 
0.7843  0.3731 
0.8039  0.3582 
0.8235  0.3433 
0.8431  0.3134 
0.8627  0.3134 
0.8824  0.2836 
0.9020  0.2537 
0.9216  0.2388 
0.9412  0.2239 
0.9608  0.2090 
0.9804  0.0149 
1.0000  0.0000 
