0.0000  1.0000 
0.0123  0.9909 
0.0247  0.9818 
0.0370  0.9727 
0.0494  0.9636 
0.0617  0.9545 
0.0741  0.9455 
0.0864  0.9364 
0.0988  0.9273 
0.1111  0.9182 
0.1235  0.9091 
0.1358  0.9000 
0.1481  0.8909 
0.1605  0.8818 
0.1728  0.8636 
0.1852  0.8545 
0.1975  0.8455 
0.2099  0.8364 
0.2222  0.8273 
0.2346  0.8182 
0.2469  0.8091 
0.2593  0.8000 
0.2716  0.7909 
0.2840  0.7818 
0.2963  0.7727 
0.3086  0.7636 
0.3210  0.7455 
0.3333  0.7364 
0.3457  0.7273 
0.3580  0.7182 
0.3704  0.7000 
0.3827  0.6909 
0.3951  0.6818 
0.4074  0.6727 
0.4198  0.6636 
0.4321  0.6545 
0.4444  0.6455 
0.4568  0.6364 
0.4691  0.6273 
0.4815  0.6182 
0.4938  0.6091 
0.5062  0.6091 
0.5185  0.5909 
0.5309  0.5818 
0.5432  0.5727 
0.5556  0.5636 
0.5679  0.5545 
0.5802  0.5455 
0.5926  0.5364 
0.6049  0.5273 
0.6173  0.5182 
0.6296  0.5091 
0.6420  0.5000 
0.6543  0.4909 
0.6667  0.4818 
0.6790  0.4636 
0.6914  0.4545 
0.7037  0.4364 
0.7160  0.4273 
0.7284  0.4182 
0.7407  0.3909 
0.7531  0.3818 
0.7654  0.3727 
0.7778  0.3636 
0.7901  0.3545 
0.8025  0.3091 
0.8148  0.3000 
0.8272  0.2909 
0.8395  0.2818 
0.8519  0.2818 
0.8642  0.2727 
0.8765  0.2455 
0.8889  0.2364 
0.9012  0.2000 
0.9136  0.1909 
0.9259  0.1909 
0.9383  0.1818 
0.9506  0.0545 
0.9630  0.0273 
0.9753  0.0273 
0.9877  0.0091 
1.0000  0.0000 
