0.0000  1.0000 
0.0044  0.9962 
0.0089  0.9923 
0.0133  0.9885 
0.0178  0.9847 
0.0222  0.9808 
0.0267  0.9770 
0.0311  0.9732 
0.0356  0.9693 
0.0400  0.9655 
0.0444  0.9617 
0.0489  0.9579 
0.0533  0.9540 
0.0578  0.9502 
0.0622  0.9464 
0.0667  0.9425 
0.0711  0.9387 
0.0756  0.9349 
0.0800  0.9310 
0.0844  0.9272 
0.0889  0.9234 
0.0933  0.9195 
0.0978  0.9157 
0.1022  0.9119 
0.1067  0.9080 
0.1111  0.9042 
0.1156  0.9004 
0.1200  0.8966 
0.1244  0.8927 
0.1289  0.8889 
0.1333  0.8851 
0.1378  0.8812 
0.1422  0.8774 
0.1467  0.8736 
0.1511  0.8697 
0.1556  0.8659 
0.1600  0.8621 
0.1644  0.8582 
0.1689  0.8544 
0.1733  0.8506 
0.1778  0.8467 
0.1822  0.8429 
0.1867  0.8391 
0.1911  0.8352 
0.1956  0.8314 
0.2000  0.8276 
0.2044  0.8238 
0.2089  0.8199 
0.2133  0.8161 
0.2178  0.8123 
0.2222  0.8084 
0.2267  0.8046 
0.2311  0.8008 
0.2356  0.7969 
0.2400  0.7931 
0.2444  0.7893 
0.2489  0.7854 
0.2533  0.7816 
0.2578  0.7778 
0.2622  0.7739 
0.2667  0.7701 
0.2711  0.7663 
0.2756  0.7625 
0.2800  0.7586 
0.2844  0.7548 
0.2889  0.7510 
0.2933  0.7471 
0.2978  0.7433 
0.3022  0.7395 
0.3067  0.7356 
0.3111  0.7318 
0.3156  0.7280 
0.3200  0.7241 
0.3244  0.7203 
0.3289  0.7165 
0.3333  0.7126 
0.3378  0.7088 
0.3422  0.7050 
0.3467  0.7011 
0.3511  0.6973 
0.3556  0.6935 
0.3600  0.6897 
0.3644  0.6858 
0.3689  0.6820 
0.3733  0.6782 
0.3778  0.6743 
0.3822  0.6705 
0.3867  0.6667 
0.3911  0.6628 
0.3956  0.6590 
0.4000  0.6552 
0.4044  0.6513 
0.4089  0.6475 
0.4133  0.6437 
0.4178  0.6398 
0.4222  0.6360 
0.4267  0.6322 
0.4311  0.6284 
0.4356  0.6245 
0.4400  0.6207 
0.4444  0.6169 
0.4489  0.6130 
0.4533  0.6092 
0.4578  0.6054 
0.4622  0.6015 
0.4667  0.5977 
0.4711  0.5939 
0.4756  0.5900 
0.4800  0.5862 
0.4844  0.5824 
0.4889  0.5785 
0.4933  0.5747 
0.4978  0.5709 
0.5022  0.5670 
0.5067  0.5632 
0.5111  0.5594 
0.5156  0.5556 
0.5200  0.5517 
0.5244  0.5479 
0.5289  0.5441 
0.5333  0.5402 
0.5378  0.5364 
0.5422  0.5326 
0.5467  0.5287 
0.5511  0.5249 
0.5556  0.5211 
0.5600  0.5172 
0.5644  0.5134 
0.5689  0.5096 
0.5733  0.5019 
0.5778  0.4981 
0.5822  0.4943 
0.5867  0.4904 
0.5911  0.4866 
0.5956  0.4828 
0.6000  0.4674 
0.6044  0.4636 
0.6089  0.4598 
0.6133  0.4559 
0.6178  0.4521 
0.6222  0.4483 
0.6267  0.4444 
0.6311  0.4406 
0.6356  0.4368 
0.6400  0.4330 
0.6444  0.4291 
0.6489  0.4253 
0.6533  0.4215 
0.6578  0.4176 
0.6622  0.4138 
0.6667  0.4100 
0.6711  0.4061 
0.6756  0.4023 
0.6800  0.3985 
0.6844  0.3946 
0.6889  0.3908 
0.6933  0.3870 
0.6978  0.3831 
0.7022  0.3793 
0.7067  0.3755 
0.7111  0.3716 
0.7156  0.3678 
0.7200  0.3640 
0.7244  0.3602 
0.7289  0.3563 
0.7333  0.3525 
0.7378  0.3487 
0.7422  0.3448 
0.7467  0.3410 
0.7511  0.3295 
0.7556  0.3257 
0.7600  0.3218 
0.7644  0.3180 
0.7689  0.3103 
0.7733  0.3065 
0.7778  0.3027 
0.7822  0.2989 
0.7867  0.2950 
0.7911  0.2912 
0.7956  0.2874 
0.8000  0.2759 
0.8044  0.2720 
0.8089  0.2682 
0.8133  0.2644 
0.8178  0.2605 
0.8222  0.2605 
0.8267  0.2605 
0.8311  0.2567 
0.8356  0.2529 
0.8400  0.2490 
0.8444  0.2452 
0.8489  0.2184 
0.8533  0.1916 
0.8578  0.1877 
0.8622  0.1839 
0.8667  0.1724 
0.8711  0.1686 
0.8756  0.1149 
0.8800  0.1149 
0.8844  0.1149 
0.8889  0.0958 
0.8933  0.0920 
0.8978  0.0920 
0.9022  0.0881 
0.9067  0.0843 
0.9111  0.0728 
0.9156  0.0690 
0.9200  0.0690 
0.9244  0.0690 
0.9289  0.0651 
0.9333  0.0651 
0.9378  0.0651 
0.9422  0.0268 
0.9467  0.0268 
0.9511  0.0268 
0.9556  0.0230 
0.9600  0.0230 
0.9644  0.0230 
0.9689  0.0230 
0.9733  0.0192 
0.9778  0.0192 
0.9822  0.0153 
0.9867  0.0153 
0.9911  0.0115 
0.9956  0.0038 
1.0000  0.0000 
