0.0000  1.0000 
0.0278  0.9896 
0.0556  0.9792 
0.0833  0.9688 
0.1111  0.9375 
0.1389  0.9271 
0.1667  0.9167 
0.1944  0.9062 
0.2222  0.8854 
0.2500  0.8750 
0.2778  0.8646 
0.3056  0.8542 
0.3333  0.8229 
0.3611  0.8125 
0.3889  0.8021 
0.4167  0.7917 
0.4444  0.7708 
0.4722  0.7604 
0.5000  0.7500 
0.5278  0.7292 
0.5556  0.7188 
0.5833  0.6979 
0.6111  0.6250 
0.6389  0.6042 
0.6667  0.4583 
0.6944  0.4583 
0.7222  0.4375 
0.7500  0.4271 
0.7778  0.4062 
0.8056  0.3021 
0.8333  0.2396 
0.8611  0.0625 
0.8889  0.0625 
0.9167  0.0625 
0.9444  0.0208 
0.9722  0.0104 
1.0000  0.0000 
