0.0000  1.0000 
0.0156  0.9804 
0.0312  0.9706 
0.0469  0.9608 
0.0625  0.9510 
0.0781  0.9412 
0.0938  0.9020 
0.1094  0.8922 
0.1250  0.8725 
0.1406  0.8627 
0.1562  0.8529 
0.1719  0.8431 
0.1875  0.8333 
0.2031  0.7941 
0.2188  0.7843 
0.2344  0.7843 
0.2500  0.7745 
0.2656  0.7549 
0.2812  0.7549 
0.2969  0.7451 
0.3125  0.7353 
0.3281  0.7255 
0.3438  0.7059 
0.3594  0.6961 
0.3750  0.6667 
0.3906  0.6471 
0.4062  0.6373 
0.4219  0.6373 
0.4375  0.6275 
0.4531  0.6176 
0.4688  0.6078 
0.4844  0.5882 
0.5000  0.5490 
0.5156  0.5392 
0.5312  0.5294 
0.5469  0.5098 
0.5625  0.4608 
0.5781  0.4510 
0.5938  0.4314 
0.6094  0.4216 
0.6250  0.4118 
0.6406  0.3824 
0.6562  0.3725 
0.6719  0.3627 
0.6875  0.3529 
0.7031  0.3235 
0.7188  0.3137 
0.7344  0.3137 
0.7500  0.2843 
0.7656  0.2647 
0.7812  0.2451 
0.7969  0.2353 
0.8125  0.2255 
0.8281  0.2157 
0.8438  0.2157 
0.8594  0.1569 
0.8750  0.1471 
0.8906  0.1275 
0.9062  0.0980 
0.9219  0.0686 
0.9375  0.0490 
0.9531  0.0490 
0.9688  0.0490 
0.9844  0.0098 
1.0000  0.0000 
