0.0000  1.0000 
0.0256  0.9804 
0.0513  0.9608 
0.0769  0.9412 
0.1026  0.9216 
0.1282  0.9020 
0.1538  0.8824 
0.1795  0.8627 
0.2051  0.8431 
0.2308  0.7843 
0.2564  0.7647 
0.2821  0.7451 
0.3077  0.7255 
0.3333  0.7059 
0.3590  0.6863 
0.3846  0.6667 
0.4103  0.6471 
0.4359  0.6275 
0.4615  0.6275 
0.4872  0.6078 
0.5128  0.5882 
0.5385  0.5686 
0.5641  0.5490 
0.5897  0.5098 
0.6154  0.4902 
0.6410  0.4510 
0.6667  0.3137 
0.6923  0.2941 
0.7179  0.2941 
0.7436  0.1961 
0.7692  0.1373 
0.7949  0.1373 
0.8205  0.1373 
0.8462  0.1373 
0.8718  0.1373 
0.8974  0.0980 
0.9231  0.0392 
0.9487  0.0392 
0.9744  0.0196 
1.0000  0.0000 
