0.0000  1.0000 
0.0233  0.9855 
0.0465  0.9710 
0.0698  0.9565 
0.0930  0.9420 
0.1163  0.9275 
0.1395  0.9275 
0.1628  0.8841 
0.1860  0.8696 
0.2093  0.8551 
0.2326  0.7971 
0.2558  0.7826 
0.2791  0.7826 
0.3023  0.7681 
0.3256  0.7536 
0.3488  0.7391 
0.3721  0.7246 
0.3953  0.7101 
0.4186  0.6812 
0.4419  0.5942 
0.4651  0.4638 
0.4884  0.3768 
0.5116  0.3768 
0.5349  0.3623 
0.5581  0.3333 
0.5814  0.3043 
0.6047  0.2899 
0.6279  0.2319 
0.6512  0.2319 
0.6744  0.2319 
0.6977  0.2319 
0.7209  0.2319 
0.7442  0.2174 
0.7674  0.2029 
0.7907  0.1884 
0.8140  0.1884 
0.8372  0.1739 
0.8605  0.1014 
0.8837  0.0870 
0.9070  0.0870 
0.9302  0.0580 
0.9535  0.0435 
0.9767  0.0145 
1.0000  0.0000 
