0.0000  1.0000 
0.0222  0.9672 
0.0444  0.9344 
0.0667  0.9016 
0.0889  0.8525 
0.1111  0.8197 
0.1333  0.8033 
0.1556  0.7869 
0.1778  0.7705 
0.2000  0.7541 
0.2222  0.6393 
0.2444  0.6230 
0.2667  0.6066 
0.2889  0.5902 
0.3111  0.3115 
0.3333  0.3115 
0.3556  0.3115 
0.3778  0.2951 
0.4000  0.2951 
0.4222  0.2951 
0.4444  0.2787 
0.4667  0.2787 
0.4889  0.2787 
0.5111  0.2459 
0.5333  0.2459 
0.5556  0.2459 
0.5778  0.2459 
0.6000  0.2295 
0.6222  0.2131 
0.6444  0.2131 
0.6667  0.2131 
0.6889  0.1967 
0.7111  0.1967 
0.7333  0.1803 
0.7556  0.1639 
0.7778  0.1475 
0.8000  0.1311 
0.8222  0.1311 
0.8444  0.1148 
0.8667  0.1148 
0.8889  0.0984 
0.9111  0.0820 
0.9333  0.0656 
0.9556  0.0328 
0.9778  0.0164 
1.0000  0.0000 
