0.0000  1.0000 
0.0189  0.9855 
0.0377  0.9710 
0.0566  0.9565 
0.0755  0.9420 
0.0943  0.9275 
0.1132  0.9130 
0.1321  0.8986 
0.1509  0.8841 
0.1698  0.8841 
0.1887  0.8696 
0.2075  0.8551 
0.2264  0.8406 
0.2453  0.8116 
0.2642  0.7971 
0.2830  0.7826 
0.3019  0.7826 
0.3208  0.7826 
0.3396  0.7826 
0.3585  0.7681 
0.3774  0.7536 
0.3962  0.7391 
0.4151  0.7246 
0.4340  0.7101 
0.4528  0.7101 
0.4717  0.6957 
0.4906  0.6667 
0.5094  0.6667 
0.5283  0.6522 
0.5472  0.6377 
0.5660  0.6232 
0.5849  0.6087 
0.6038  0.5942 
0.6226  0.5507 
0.6415  0.4203 
0.6604  0.3768 
0.6792  0.3478 
0.6981  0.3333 
0.7170  0.3333 
0.7358  0.3188 
0.7547  0.3188 
0.7736  0.2029 
0.7925  0.1304 
0.8113  0.0870 
0.8302  0.0870 
0.8491  0.0870 
0.8679  0.0870 
0.8868  0.0435 
0.9057  0.0435 
0.9245  0.0435 
0.9434  0.0435 
0.9623  0.0435 
0.9811  0.0145 
1.0000  0.0000 
