0.0000  1.0000 
0.0110  0.9907 
0.0220  0.9813 
0.0330  0.9720 
0.0440  0.9626 
0.0549  0.9533 
0.0659  0.9439 
0.0769  0.9346 
0.0879  0.9252 
0.0989  0.9159 
0.1099  0.9065 
0.1209  0.8972 
0.1319  0.8879 
0.1429  0.8785 
0.1538  0.8692 
0.1648  0.8598 
0.1758  0.8505 
0.1868  0.8411 
0.1978  0.8318 
0.2088  0.8224 
0.2198  0.8131 
0.2308  0.8037 
0.2418  0.7944 
0.2527  0.7850 
0.2637  0.7757 
0.2747  0.7664 
0.2857  0.7570 
0.2967  0.7477 
0.3077  0.7383 
0.3187  0.7290 
0.3297  0.7196 
0.3407  0.7103 
0.3516  0.7009 
0.3626  0.6916 
0.3736  0.6822 
0.3846  0.6729 
0.3956  0.6729 
0.4066  0.6636 
0.4176  0.6542 
0.4286  0.6449 
0.4396  0.6355 
0.4505  0.6262 
0.4615  0.6168 
0.4725  0.6075 
0.4835  0.5888 
0.4945  0.5794 
0.5055  0.5701 
0.5165  0.5607 
0.5275  0.5514 
0.5385  0.5421 
0.5495  0.5327 
0.5604  0.5234 
0.5714  0.5140 
0.5824  0.5047 
0.5934  0.4953 
0.6044  0.4860 
0.6154  0.4766 
0.6264  0.4673 
0.6374  0.4579 
0.6484  0.4486 
0.6593  0.4393 
0.6703  0.4299 
0.6813  0.4206 
0.6923  0.4112 
0.7033  0.3832 
0.7143  0.3738 
0.7253  0.3645 
0.7363  0.3551 
0.7473  0.3271 
0.7582  0.3178 
0.7692  0.3084 
0.7802  0.2991 
0.7912  0.2897 
0.8022  0.2804 
0.8132  0.2710 
0.8242  0.2617 
0.8352  0.2523 
0.8462  0.2430 
0.8571  0.2336 
0.8681  0.2150 
0.8791  0.2056 
0.8901  0.1963 
0.9011  0.1776 
0.9121  0.1589 
0.9231  0.1495 
0.9341  0.1308 
0.9451  0.1215 
0.9560  0.0935 
0.9670  0.0654 
0.9780  0.0187 
0.9890  0.0093 
1.0000  0.0000 
