0.0000  1.0000 
0.0179  0.9844 
0.0357  0.9688 
0.0536  0.9531 
0.0714  0.9375 
0.0893  0.9219 
0.1071  0.9062 
0.1250  0.8906 
0.1429  0.8594 
0.1607  0.8438 
0.1786  0.8281 
0.1964  0.8125 
0.2143  0.7969 
0.2321  0.7812 
0.2500  0.7656 
0.2679  0.7500 
0.2857  0.7344 
0.3036  0.7188 
0.3214  0.7031 
0.3393  0.6875 
0.3571  0.6719 
0.3750  0.6562 
0.3929  0.6406 
0.4107  0.6250 
0.4286  0.6094 
0.4464  0.5938 
0.4643  0.5781 
0.4821  0.5625 
0.5000  0.5469 
0.5179  0.5312 
0.5357  0.5156 
0.5536  0.5000 
0.5714  0.4844 
0.5893  0.4688 
0.6071  0.4531 
0.6250  0.4375 
0.6429  0.4062 
0.6607  0.3906 
0.6786  0.3750 
0.6964  0.3594 
0.7143  0.3438 
0.7321  0.3281 
0.7500  0.3125 
0.7679  0.2969 
0.7857  0.2500 
0.8036  0.2344 
0.8214  0.2188 
0.8393  0.1875 
0.8571  0.1719 
0.8750  0.1562 
0.8929  0.1094 
0.9107  0.1094 
0.9286  0.0469 
0.9464  0.0312 
0.9643  0.0312 
0.9821  0.0156 
1.0000  0.0000 
