0.0000  1.0000 
0.0222  0.9846 
0.0444  0.9692 
0.0667  0.9538 
0.0889  0.9231 
0.1111  0.9077 
0.1333  0.8923 
0.1556  0.8769 
0.1778  0.8462 
0.2000  0.8308 
0.2222  0.8154 
0.2444  0.8000 
0.2667  0.7692 
0.2889  0.7538 
0.3111  0.7385 
0.3333  0.7231 
0.3556  0.6308 
0.3778  0.4154 
0.4000  0.4000 
0.4222  0.4000 
0.4444  0.3846 
0.4667  0.3538 
0.4889  0.3231 
0.5111  0.3231 
0.5333  0.2923 
0.5556  0.2923 
0.5778  0.2923 
0.6000  0.2615 
0.6222  0.2462 
0.6444  0.2308 
0.6667  0.2154 
0.6889  0.2000 
0.7111  0.2000 
0.7333  0.1846 
0.7556  0.1846 
0.7778  0.1846 
0.8000  0.1846 
0.8222  0.1077 
0.8444  0.1077 
0.8667  0.0923 
0.8889  0.0923 
0.9111  0.0923 
0.9333  0.0769 
0.9556  0.0769 
0.9778  0.0154 
1.0000  0.0000 
