0.0000  1.0000 
0.0056  0.9951 
0.0112  0.9902 
0.0168  0.9853 
0.0223  0.9804 
0.0279  0.9755 
0.0335  0.9706 
0.0391  0.9657 
0.0447  0.9608 
0.0503  0.9559 
0.0559  0.9510 
0.0615  0.9461 
0.0670  0.9412 
0.0726  0.9363 
0.0782  0.9314 
0.0838  0.9265 
0.0894  0.9216 
0.0950  0.9167 
0.1006  0.9118 
0.1061  0.9069 
0.1117  0.9020 
0.1173  0.8971 
0.1229  0.8922 
0.1285  0.8873 
0.1341  0.8824 
0.1397  0.8775 
0.1453  0.8725 
0.1508  0.8676 
0.1564  0.8627 
0.1620  0.8578 
0.1676  0.8529 
0.1732  0.8480 
0.1788  0.8431 
0.1844  0.8382 
0.1899  0.8333 
0.1955  0.8284 
0.2011  0.8235 
0.2067  0.8186 
0.2123  0.8137 
0.2179  0.7990 
0.2235  0.7941 
0.2291  0.7892 
0.2346  0.7843 
0.2402  0.7794 
0.2458  0.7745 
0.2514  0.7696 
0.2570  0.7647 
0.2626  0.7598 
0.2682  0.7549 
0.2737  0.7500 
0.2793  0.7451 
0.2849  0.7402 
0.2905  0.7353 
0.2961  0.7304 
0.3017  0.7255 
0.3073  0.7206 
0.3128  0.7157 
0.3184  0.7108 
0.3240  0.7059 
0.3296  0.7010 
0.3352  0.6961 
0.3408  0.6912 
0.3464  0.6863 
0.3520  0.6814 
0.3575  0.6765 
0.3631  0.6716 
0.3687  0.6667 
0.3743  0.6618 
0.3799  0.6569 
0.3855  0.6520 
0.3911  0.6471 
0.3966  0.6422 
0.4022  0.6373 
0.4078  0.6275 
0.4134  0.6225 
0.4190  0.6176 
0.4246  0.6127 
0.4302  0.6078 
0.4358  0.6029 
0.4413  0.5980 
0.4469  0.5931 
0.4525  0.5882 
0.4581  0.5833 
0.4637  0.5784 
0.4693  0.5735 
0.4749  0.5686 
0.4804  0.5637 
0.4860  0.5588 
0.4916  0.5539 
0.4972  0.5490 
0.5028  0.5441 
0.5084  0.5392 
0.5140  0.5343 
0.5196  0.5294 
0.5251  0.5245 
0.5307  0.5196 
0.5363  0.5147 
0.5419  0.5098 
0.5475  0.5049 
0.5531  0.5000 
0.5587  0.4951 
0.5642  0.4902 
0.5698  0.4853 
0.5754  0.4804 
0.5810  0.4755 
0.5866  0.4706 
0.5922  0.4657 
0.5978  0.4608 
0.6034  0.4559 
0.6089  0.4510 
0.6145  0.4461 
0.6201  0.4363 
0.6257  0.4216 
0.6313  0.4167 
0.6369  0.4118 
0.6425  0.4069 
0.6480  0.4020 
0.6536  0.3971 
0.6592  0.3922 
0.6648  0.3873 
0.6704  0.3824 
0.6760  0.3775 
0.6816  0.3725 
0.6872  0.3676 
0.6927  0.3627 
0.6983  0.3578 
0.7039  0.3529 
0.7095  0.3480 
0.7151  0.3382 
0.7207  0.3333 
0.7263  0.3284 
0.7318  0.3235 
0.7374  0.3186 
0.7430  0.3137 
0.7486  0.3088 
0.7542  0.3039 
0.7598  0.2990 
0.7654  0.2941 
0.7709  0.2892 
0.7765  0.2843 
0.7821  0.2794 
0.7877  0.2745 
0.7933  0.2696 
0.7989  0.2647 
0.8045  0.2598 
0.8101  0.2549 
0.8156  0.2500 
0.8212  0.2451 
0.8268  0.2402 
0.8324  0.2353 
0.8380  0.2304 
0.8436  0.2255 
0.8492  0.2206 
0.8547  0.2108 
0.8603  0.1961 
0.8659  0.1569 
0.8715  0.1520 
0.8771  0.1520 
0.8827  0.1471 
0.8883  0.1324 
0.8939  0.1275 
0.8994  0.1275 
0.9050  0.1225 
0.9106  0.1176 
0.9162  0.1176 
0.9218  0.1127 
0.9274  0.1078 
0.9330  0.1029 
0.9385  0.0980 
0.9441  0.0931 
0.9497  0.0294 
0.9553  0.0294 
0.9609  0.0294 
0.9665  0.0294 
0.9721  0.0294 
0.9777  0.0294 
0.9832  0.0294 
0.9888  0.0294 
0.9944  0.0049 
1.0000  0.0000 
