0.0000  1.0000 
0.0122  0.9908 
0.0244  0.9817 
0.0366  0.9725 
0.0488  0.9633 
0.0610  0.9541 
0.0732  0.9450 
0.0854  0.9358 
0.0976  0.9266 
0.1098  0.9174 
0.1220  0.9083 
0.1341  0.8991 
0.1463  0.8899 
0.1585  0.8807 
0.1707  0.8716 
0.1829  0.8624 
0.1951  0.8532 
0.2073  0.8440 
0.2195  0.8349 
0.2317  0.8257 
0.2439  0.8165 
0.2561  0.8073 
0.2683  0.7982 
0.2805  0.7890 
0.2927  0.7798 
0.3049  0.7706 
0.3171  0.7431 
0.3293  0.7339 
0.3415  0.7248 
0.3537  0.7156 
0.3659  0.7064 
0.3780  0.6972 
0.3902  0.6881 
0.4024  0.6789 
0.4146  0.6697 
0.4268  0.6606 
0.4390  0.6514 
0.4512  0.6422 
0.4634  0.6330 
0.4756  0.6239 
0.4878  0.6147 
0.5000  0.6055 
0.5122  0.5963 
0.5244  0.5872 
0.5366  0.5780 
0.5488  0.5688 
0.5610  0.5596 
0.5732  0.5505 
0.5854  0.5413 
0.5976  0.5321 
0.6098  0.5229 
0.6220  0.4862 
0.6341  0.4771 
0.6463  0.4679 
0.6585  0.4587 
0.6707  0.4495 
0.6829  0.4404 
0.6951  0.3853 
0.7073  0.3670 
0.7195  0.3670 
0.7317  0.3578 
0.7439  0.3303 
0.7561  0.3211 
0.7683  0.3119 
0.7805  0.3028 
0.7927  0.2936 
0.8049  0.2844 
0.8171  0.2752 
0.8293  0.2385 
0.8415  0.2294 
0.8537  0.2202 
0.8659  0.2202 
0.8780  0.1927 
0.8902  0.1560 
0.9024  0.1193 
0.9146  0.1101 
0.9268  0.1101 
0.9390  0.0734 
0.9512  0.0183 
0.9634  0.0183 
0.9756  0.0183 
0.9878  0.0092 
1.0000  0.0000 
