0.0000  1.0000 
0.0027  0.9978 
0.0055  0.9956 
0.0082  0.9890 
0.0110  0.9868 
0.0137  0.9846 
0.0164  0.9824 
0.0192  0.9802 
0.0219  0.9780 
0.0247  0.9758 
0.0274  0.9736 
0.0301  0.9714 
0.0329  0.9692 
0.0356  0.9670 
0.0384  0.9648 
0.0411  0.9626 
0.0438  0.9604 
0.0466  0.9581 
0.0493  0.9559 
0.0521  0.9537 
0.0548  0.9515 
0.0575  0.9493 
0.0603  0.9471 
0.0630  0.9449 
0.0658  0.9427 
0.0685  0.9405 
0.0712  0.9383 
0.0740  0.9361 
0.0767  0.9339 
0.0795  0.9317 
0.0822  0.9295 
0.0849  0.9273 
0.0877  0.9251 
0.0904  0.9229 
0.0932  0.9207 
0.0959  0.9185 
0.0986  0.9163 
0.1014  0.9141 
0.1041  0.9119 
0.1068  0.9097 
0.1096  0.9075 
0.1123  0.9053 
0.1151  0.9031 
0.1178  0.8987 
0.1205  0.8965 
0.1233  0.8943 
0.1260  0.8921 
0.1288  0.8899 
0.1315  0.8877 
0.1342  0.8855 
0.1370  0.8789 
0.1397  0.8767 
0.1425  0.8744 
0.1452  0.8722 
0.1479  0.8700 
0.1507  0.8678 
0.1534  0.8656 
0.1562  0.8612 
0.1589  0.8590 
0.1616  0.8568 
0.1644  0.8546 
0.1671  0.8524 
0.1699  0.8502 
0.1726  0.8480 
0.1753  0.8458 
0.1781  0.8436 
0.1808  0.8414 
0.1836  0.8392 
0.1863  0.8370 
0.1890  0.8348 
0.1918  0.8326 
0.1945  0.8304 
0.1973  0.8282 
0.2000  0.8260 
0.2027  0.8238 
0.2055  0.8216 
0.2082  0.8194 
0.2110  0.8172 
0.2137  0.8150 
0.2164  0.8128 
0.2192  0.8106 
0.2219  0.8084 
0.2247  0.8062 
0.2274  0.8040 
0.2301  0.8018 
0.2329  0.7996 
0.2356  0.7974 
0.2384  0.7907 
0.2411  0.7885 
0.2438  0.7863 
0.2466  0.7841 
0.2493  0.7819 
0.2521  0.7797 
0.2548  0.7775 
0.2575  0.7753 
0.2603  0.7731 
0.2630  0.7709 
0.2658  0.7687 
0.2685  0.7665 
0.2712  0.7643 
0.2740  0.7621 
0.2767  0.7599 
0.2795  0.7577 
0.2822  0.7555 
0.2849  0.7533 
0.2877  0.7511 
0.2904  0.7489 
0.2932  0.7467 
0.2959  0.7445 
0.2986  0.7423 
0.3014  0.7401 
0.3041  0.7379 
0.3068  0.7357 
0.3096  0.7269 
0.3123  0.7247 
0.3151  0.7225 
0.3178  0.7203 
0.3205  0.7181 
0.3233  0.7159 
0.3260  0.7137 
0.3288  0.7115 
0.3315  0.7093 
0.3342  0.7070 
0.3370  0.7048 
0.3397  0.7026 
0.3425  0.7004 
0.3452  0.6982 
0.3479  0.6960 
0.3507  0.6938 
0.3534  0.6916 
0.3562  0.6894 
0.3589  0.6872 
0.3616  0.6850 
0.3644  0.6828 
0.3671  0.6806 
0.3699  0.6784 
0.3726  0.6762 
0.3753  0.6740 
0.3781  0.6718 
0.3808  0.6696 
0.3836  0.6674 
0.3863  0.6652 
0.3890  0.6630 
0.3918  0.6608 
0.3945  0.6586 
0.3973  0.6564 
0.4000  0.6542 
0.4027  0.6520 
0.4055  0.6498 
0.4082  0.6476 
0.4110  0.6454 
0.4137  0.6432 
0.4164  0.6410 
0.4192  0.6410 
0.4219  0.6388 
0.4247  0.6366 
0.4274  0.6344 
0.4301  0.6322 
0.4329  0.6300 
0.4356  0.6278 
0.4384  0.6256 
0.4411  0.6233 
0.4438  0.6211 
0.4466  0.6145 
0.4493  0.6123 
0.4521  0.6101 
0.4548  0.6079 
0.4575  0.6057 
0.4603  0.6035 
0.4630  0.6013 
0.4658  0.5991 
0.4685  0.5969 
0.4712  0.5947 
0.4740  0.5925 
0.4767  0.5903 
0.4795  0.5881 
0.4822  0.5859 
0.4849  0.5837 
0.4877  0.5815 
0.4904  0.5793 
0.4932  0.5749 
0.4959  0.5727 
0.4986  0.5705 
0.5014  0.5683 
0.5041  0.5661 
0.5068  0.5639 
0.5096  0.5617 
0.5123  0.5595 
0.5151  0.5573 
0.5178  0.5551 
0.5205  0.5529 
0.5233  0.5507 
0.5260  0.5485 
0.5288  0.5463 
0.5315  0.5441 
0.5342  0.5419 
0.5370  0.5396 
0.5397  0.5374 
0.5425  0.5352 
0.5452  0.5330 
0.5479  0.5308 
0.5507  0.5286 
0.5534  0.5264 
0.5562  0.5242 
0.5589  0.5154 
0.5616  0.5132 
0.5644  0.5110 
0.5671  0.5088 
0.5699  0.5066 
0.5726  0.5044 
0.5753  0.5022 
0.5781  0.4956 
0.5808  0.4934 
0.5836  0.4912 
0.5863  0.4890 
0.5890  0.4868 
0.5918  0.4846 
0.5945  0.4824 
0.5973  0.4802 
0.6000  0.4780 
0.6027  0.4758 
0.6055  0.4736 
0.6082  0.4714 
0.6110  0.4692 
0.6137  0.4670 
0.6164  0.4648 
0.6192  0.4604 
0.6219  0.4581 
0.6247  0.4559 
0.6274  0.4537 
0.6301  0.4515 
0.6329  0.4493 
0.6356  0.4471 
0.6384  0.4449 
0.6411  0.4427 
0.6438  0.4405 
0.6466  0.4361 
0.6493  0.4339 
0.6521  0.4317 
0.6548  0.4295 
0.6575  0.4273 
0.6603  0.4251 
0.6630  0.4229 
0.6658  0.4207 
0.6685  0.4185 
0.6712  0.4163 
0.6740  0.4141 
0.6767  0.4097 
0.6795  0.4075 
0.6822  0.4053 
0.6849  0.4031 
0.6877  0.4031 
0.6904  0.4009 
0.6932  0.3987 
0.6959  0.3965 
0.6986  0.3943 
0.7014  0.3921 
0.7041  0.3899 
0.7068  0.3877 
0.7096  0.3855 
0.7123  0.3833 
0.7151  0.3811 
0.7178  0.3789 
0.7205  0.3767 
0.7233  0.3744 
0.7260  0.3722 
0.7288  0.3634 
0.7315  0.3612 
0.7342  0.3590 
0.7370  0.3568 
0.7397  0.3436 
0.7425  0.3436 
0.7452  0.3414 
0.7479  0.3392 
0.7507  0.3370 
0.7534  0.3216 
0.7562  0.3194 
0.7589  0.3172 
0.7616  0.3150 
0.7644  0.3128 
0.7671  0.3106 
0.7699  0.3084 
0.7726  0.3040 
0.7753  0.3018 
0.7781  0.2996 
0.7808  0.2996 
0.7836  0.2974 
0.7863  0.2952 
0.7890  0.2930 
0.7918  0.2907 
0.7945  0.2863 
0.7973  0.2797 
0.8000  0.2687 
0.8027  0.2665 
0.8055  0.2643 
0.8082  0.2643 
0.8110  0.2621 
0.8137  0.2511 
0.8164  0.2423 
0.8192  0.2379 
0.8219  0.2357 
0.8247  0.2335 
0.8274  0.2313 
0.8301  0.2159 
0.8329  0.2137 
0.8356  0.2115 
0.8384  0.2115 
0.8411  0.2070 
0.8438  0.2026 
0.8466  0.2004 
0.8493  0.2004 
0.8521  0.1982 
0.8548  0.1960 
0.8575  0.1938 
0.8603  0.1938 
0.8630  0.1916 
0.8658  0.1762 
0.8685  0.1542 
0.8712  0.1520 
0.8740  0.1498 
0.8767  0.1476 
0.8795  0.1454 
0.8822  0.1454 
0.8849  0.1432 
0.8877  0.1410 
0.8904  0.1410 
0.8932  0.1366 
0.8959  0.1344 
0.8986  0.1322 
0.9014  0.1256 
0.9041  0.1233 
0.9068  0.1101 
0.9096  0.1101 
0.9123  0.1101 
0.9151  0.1079 
0.9178  0.1057 
0.9205  0.1035 
0.9233  0.1013 
0.9260  0.0991 
0.9288  0.0991 
0.9315  0.0991 
0.9342  0.0969 
0.9370  0.0969 
0.9397  0.0969 
0.9425  0.0947 
0.9452  0.0903 
0.9479  0.0903 
0.9507  0.0881 
0.9534  0.0859 
0.9562  0.0793 
0.9589  0.0639 
0.9616  0.0617 
0.9644  0.0617 
0.9671  0.0485 
0.9699  0.0485 
0.9726  0.0485 
0.9753  0.0463 
0.9781  0.0396 
0.9808  0.0176 
0.9836  0.0176 
0.9863  0.0154 
0.9890  0.0154 
0.9918  0.0154 
0.9945  0.0044 
0.9973  0.0022 
1.0000  0.0000 
