0.0000  1.0000 
0.0015  0.9987 
0.0030  0.9975 
0.0045  0.9962 
0.0060  0.9949 
0.0075  0.9937 
0.0090  0.9924 
0.0105  0.9912 
0.0120  0.9899 
0.0135  0.9886 
0.0150  0.9874 
0.0165  0.9861 
0.0180  0.9848 
0.0195  0.9836 
0.0210  0.9823 
0.0225  0.9811 
0.0240  0.9798 
0.0255  0.9785 
0.0270  0.9773 
0.0285  0.9760 
0.0300  0.9747 
0.0315  0.9735 
0.0330  0.9722 
0.0345  0.9710 
0.0360  0.9697 
0.0375  0.9684 
0.0390  0.9672 
0.0405  0.9659 
0.0420  0.9646 
0.0435  0.9634 
0.0450  0.9621 
0.0465  0.9609 
0.0480  0.9596 
0.0495  0.9583 
0.0511  0.9571 
0.0526  0.9571 
0.0541  0.9558 
0.0556  0.9545 
0.0571  0.9533 
0.0586  0.9520 
0.0601  0.9508 
0.0616  0.9495 
0.0631  0.9482 
0.0646  0.9470 
0.0661  0.9457 
0.0676  0.9444 
0.0691  0.9432 
0.0706  0.9419 
0.0721  0.9407 
0.0736  0.9394 
0.0751  0.9381 
0.0766  0.9369 
0.0781  0.9356 
0.0796  0.9343 
0.0811  0.9331 
0.0826  0.9318 
0.0841  0.9306 
0.0856  0.9293 
0.0871  0.9280 
0.0886  0.9268 
0.0901  0.9255 
0.0916  0.9242 
0.0931  0.9230 
0.0946  0.9217 
0.0961  0.9205 
0.0976  0.9192 
0.0991  0.9179 
0.1006  0.9167 
0.1021  0.9154 
0.1036  0.9141 
0.1051  0.9129 
0.1066  0.9116 
0.1081  0.9104 
0.1096  0.9091 
0.1111  0.9078 
0.1126  0.9066 
0.1141  0.9053 
0.1156  0.9040 
0.1171  0.9028 
0.1186  0.9015 
0.1201  0.9003 
0.1216  0.8990 
0.1231  0.8977 
0.1246  0.8965 
0.1261  0.8952 
0.1276  0.8939 
0.1291  0.8927 
0.1306  0.8914 
0.1321  0.8902 
0.1336  0.8889 
0.1351  0.8876 
0.1366  0.8864 
0.1381  0.8851 
0.1396  0.8838 
0.1411  0.8826 
0.1426  0.8813 
0.1441  0.8801 
0.1456  0.8788 
0.1471  0.8775 
0.1486  0.8763 
0.1502  0.8750 
0.1517  0.8737 
0.1532  0.8725 
0.1547  0.8712 
0.1562  0.8699 
0.1577  0.8687 
0.1592  0.8674 
0.1607  0.8662 
0.1622  0.8649 
0.1637  0.8636 
0.1652  0.8624 
0.1667  0.8611 
0.1682  0.8598 
0.1697  0.8586 
0.1712  0.8573 
0.1727  0.8561 
0.1742  0.8548 
0.1757  0.8535 
0.1772  0.8523 
0.1787  0.8510 
0.1802  0.8497 
0.1817  0.8485 
0.1832  0.8472 
0.1847  0.8460 
0.1862  0.8447 
0.1877  0.8434 
0.1892  0.8422 
0.1907  0.8409 
0.1922  0.8396 
0.1937  0.8384 
0.1952  0.8371 
0.1967  0.8359 
0.1982  0.8346 
0.1997  0.8333 
0.2012  0.8321 
0.2027  0.8308 
0.2042  0.8295 
0.2057  0.8283 
0.2072  0.8270 
0.2087  0.8258 
0.2102  0.8245 
0.2117  0.8232 
0.2132  0.8220 
0.2147  0.8207 
0.2162  0.8194 
0.2177  0.8182 
0.2192  0.8169 
0.2207  0.8157 
0.2222  0.8144 
0.2237  0.8131 
0.2252  0.8119 
0.2267  0.8106 
0.2282  0.8093 
0.2297  0.8081 
0.2312  0.8068 
0.2327  0.8056 
0.2342  0.8043 
0.2357  0.8030 
0.2372  0.8018 
0.2387  0.8005 
0.2402  0.7992 
0.2417  0.7980 
0.2432  0.7967 
0.2447  0.7955 
0.2462  0.7942 
0.2477  0.7929 
0.2492  0.7917 
0.2508  0.7904 
0.2523  0.7891 
0.2538  0.7879 
0.2553  0.7866 
0.2568  0.7854 
0.2583  0.7841 
0.2598  0.7828 
0.2613  0.7816 
0.2628  0.7803 
0.2643  0.7790 
0.2658  0.7778 
0.2673  0.7765 
0.2688  0.7753 
0.2703  0.7740 
0.2718  0.7727 
0.2733  0.7715 
0.2748  0.7702 
0.2763  0.7689 
0.2778  0.7677 
0.2793  0.7664 
0.2808  0.7652 
0.2823  0.7639 
0.2838  0.7626 
0.2853  0.7601 
0.2868  0.7588 
0.2883  0.7576 
0.2898  0.7563 
0.2913  0.7551 
0.2928  0.7538 
0.2943  0.7525 
0.2958  0.7513 
0.2973  0.7500 
0.2988  0.7487 
0.3003  0.7475 
0.3018  0.7462 
0.3033  0.7449 
0.3048  0.7437 
0.3063  0.7424 
0.3078  0.7374 
0.3093  0.7361 
0.3108  0.7348 
0.3123  0.7336 
0.3138  0.7323 
0.3153  0.7311 
0.3168  0.7311 
0.3183  0.7298 
0.3198  0.7285 
0.3213  0.7273 
0.3228  0.7260 
0.3243  0.7247 
0.3258  0.7235 
0.3273  0.7222 
0.3288  0.7210 
0.3303  0.7197 
0.3318  0.7184 
0.3333  0.7172 
0.3348  0.7159 
0.3363  0.7146 
0.3378  0.7134 
0.3393  0.7121 
0.3408  0.7109 
0.3423  0.7096 
0.3438  0.7083 
0.3453  0.7071 
0.3468  0.7058 
0.3483  0.7045 
0.3498  0.7033 
0.3514  0.7020 
0.3529  0.7008 
0.3544  0.6995 
0.3559  0.6982 
0.3574  0.6970 
0.3589  0.6957 
0.3604  0.6944 
0.3619  0.6932 
0.3634  0.6919 
0.3649  0.6907 
0.3664  0.6894 
0.3679  0.6881 
0.3694  0.6869 
0.3709  0.6856 
0.3724  0.6843 
0.3739  0.6831 
0.3754  0.6818 
0.3769  0.6806 
0.3784  0.6793 
0.3799  0.6780 
0.3814  0.6768 
0.3829  0.6755 
0.3844  0.6742 
0.3859  0.6730 
0.3874  0.6717 
0.3889  0.6705 
0.3904  0.6692 
0.3919  0.6679 
0.3934  0.6667 
0.3949  0.6654 
0.3964  0.6641 
0.3979  0.6629 
0.3994  0.6616 
0.4009  0.6604 
0.4024  0.6591 
0.4039  0.6578 
0.4054  0.6566 
0.4069  0.6553 
0.4084  0.6540 
0.4099  0.6528 
0.4114  0.6515 
0.4129  0.6503 
0.4144  0.6490 
0.4159  0.6477 
0.4174  0.6465 
0.4189  0.6452 
0.4204  0.6439 
0.4219  0.6427 
0.4234  0.6414 
0.4249  0.6402 
0.4264  0.6389 
0.4279  0.6389 
0.4294  0.6376 
0.4309  0.6364 
0.4324  0.6351 
0.4339  0.6338 
0.4354  0.6326 
0.4369  0.6313 
0.4384  0.6301 
0.4399  0.6288 
0.4414  0.6275 
0.4429  0.6263 
0.4444  0.6250 
0.4459  0.6237 
0.4474  0.6225 
0.4489  0.6212 
0.4505  0.6199 
0.4520  0.6187 
0.4535  0.6174 
0.4550  0.6162 
0.4565  0.6149 
0.4580  0.6136 
0.4595  0.6124 
0.4610  0.6111 
0.4625  0.6098 
0.4640  0.6086 
0.4655  0.6073 
0.4670  0.6061 
0.4685  0.6048 
0.4700  0.6035 
0.4715  0.6023 
0.4730  0.6010 
0.4745  0.5997 
0.4760  0.5985 
0.4775  0.5972 
0.4790  0.5960 
0.4805  0.5947 
0.4820  0.5934 
0.4835  0.5922 
0.4850  0.5909 
0.4865  0.5896 
0.4880  0.5884 
0.4895  0.5871 
0.4910  0.5859 
0.4925  0.5846 
0.4940  0.5833 
0.4955  0.5821 
0.4970  0.5808 
0.4985  0.5795 
0.5000  0.5783 
0.5015  0.5758 
0.5030  0.5745 
0.5045  0.5732 
0.5060  0.5720 
0.5075  0.5707 
0.5090  0.5694 
0.5105  0.5682 
0.5120  0.5669 
0.5135  0.5657 
0.5150  0.5644 
0.5165  0.5631 
0.5180  0.5619 
0.5195  0.5606 
0.5210  0.5593 
0.5225  0.5581 
0.5240  0.5568 
0.5255  0.5556 
0.5270  0.5543 
0.5285  0.5530 
0.5300  0.5518 
0.5315  0.5492 
0.5330  0.5480 
0.5345  0.5467 
0.5360  0.5455 
0.5375  0.5442 
0.5390  0.5429 
0.5405  0.5417 
0.5420  0.5404 
0.5435  0.5391 
0.5450  0.5379 
0.5465  0.5366 
0.5480  0.5354 
0.5495  0.5341 
0.5511  0.5328 
0.5526  0.5316 
0.5541  0.5303 
0.5556  0.5290 
0.5571  0.5278 
0.5586  0.5265 
0.5601  0.5253 
0.5616  0.5240 
0.5631  0.5227 
0.5646  0.5215 
0.5661  0.5202 
0.5676  0.5189 
0.5691  0.5177 
0.5706  0.5164 
0.5721  0.5152 
0.5736  0.5139 
0.5751  0.5126 
0.5766  0.5114 
0.5781  0.5101 
0.5796  0.5088 
0.5811  0.5076 
0.5826  0.5063 
0.5841  0.5051 
0.5856  0.5038 
0.5871  0.5025 
0.5886  0.5013 
0.5901  0.5000 
0.5916  0.4987 
0.5931  0.4975 
0.5946  0.4937 
0.5961  0.4924 
0.5976  0.4912 
0.5991  0.4899 
0.6006  0.4886 
0.6021  0.4874 
0.6036  0.4861 
0.6051  0.4848 
0.6066  0.4836 
0.6081  0.4823 
0.6096  0.4811 
0.6111  0.4798 
0.6126  0.4785 
0.6141  0.4773 
0.6156  0.4760 
0.6171  0.4747 
0.6186  0.4735 
0.6201  0.4722 
0.6216  0.4710 
0.6231  0.4697 
0.6246  0.4684 
0.6261  0.4672 
0.6276  0.4659 
0.6291  0.4646 
0.6306  0.4634 
0.6321  0.4621 
0.6336  0.4609 
0.6351  0.4596 
0.6366  0.4583 
0.6381  0.4571 
0.6396  0.4558 
0.6411  0.4545 
0.6426  0.4533 
0.6441  0.4520 
0.6456  0.4508 
0.6471  0.4495 
0.6486  0.4482 
0.6502  0.4470 
0.6517  0.4457 
0.6532  0.4444 
0.6547  0.4432 
0.6562  0.4419 
0.6577  0.4407 
0.6592  0.4394 
0.6607  0.4381 
0.6622  0.4369 
0.6637  0.4356 
0.6652  0.4343 
0.6667  0.4331 
0.6682  0.4318 
0.6697  0.4306 
0.6712  0.4293 
0.6727  0.4280 
0.6742  0.4268 
0.6757  0.4230 
0.6772  0.4217 
0.6787  0.4205 
0.6802  0.4192 
0.6817  0.4179 
0.6832  0.4167 
0.6847  0.4129 
0.6862  0.4116 
0.6877  0.4104 
0.6892  0.4091 
0.6907  0.4078 
0.6922  0.4066 
0.6937  0.4028 
0.6952  0.4015 
0.6967  0.4003 
0.6982  0.3990 
0.6997  0.3977 
0.7012  0.3965 
0.7027  0.3952 
0.7042  0.3927 
0.7057  0.3927 
0.7072  0.3914 
0.7087  0.3902 
0.7102  0.3889 
0.7117  0.3876 
0.7132  0.3864 
0.7147  0.3851 
0.7162  0.3838 
0.7177  0.3826 
0.7192  0.3813 
0.7207  0.3801 
0.7222  0.3788 
0.7237  0.3775 
0.7252  0.3763 
0.7267  0.3737 
0.7282  0.3725 
0.7297  0.3712 
0.7312  0.3699 
0.7327  0.3687 
0.7342  0.3674 
0.7357  0.3662 
0.7372  0.3649 
0.7387  0.3636 
0.7402  0.3624 
0.7417  0.3611 
0.7432  0.3598 
0.7447  0.3586 
0.7462  0.3573 
0.7477  0.3561 
0.7492  0.3548 
0.7508  0.3535 
0.7523  0.3510 
0.7538  0.3497 
0.7553  0.3485 
0.7568  0.3472 
0.7583  0.3460 
0.7598  0.3447 
0.7613  0.3434 
0.7628  0.3371 
0.7643  0.3359 
0.7658  0.3346 
0.7673  0.3333 
0.7688  0.3321 
0.7703  0.3308 
0.7718  0.3295 
0.7733  0.3270 
0.7748  0.3258 
0.7763  0.3245 
0.7778  0.3232 
0.7793  0.3220 
0.7808  0.3207 
0.7823  0.3194 
0.7838  0.3182 
0.7853  0.3169 
0.7868  0.3157 
0.7883  0.3144 
0.7898  0.3131 
0.7913  0.3093 
0.7928  0.3081 
0.7943  0.3068 
0.7958  0.3056 
0.7973  0.3043 
0.7988  0.3030 
0.8003  0.3018 
0.8018  0.3005 
0.8033  0.2992 
0.8048  0.2980 
0.8063  0.2967 
0.8078  0.2955 
0.8093  0.2942 
0.8108  0.2929 
0.8123  0.2917 
0.8138  0.2904 
0.8153  0.2891 
0.8168  0.2879 
0.8183  0.2866 
0.8198  0.2854 
0.8213  0.2841 
0.8228  0.2828 
0.8243  0.2778 
0.8258  0.2765 
0.8273  0.2753 
0.8288  0.2740 
0.8303  0.2727 
0.8318  0.2715 
0.8333  0.2702 
0.8348  0.2702 
0.8363  0.2689 
0.8378  0.2677 
0.8393  0.2639 
0.8408  0.2626 
0.8423  0.2614 
0.8438  0.2601 
0.8453  0.2601 
0.8468  0.2588 
0.8483  0.2576 
0.8498  0.2563 
0.8514  0.2551 
0.8529  0.2538 
0.8544  0.2525 
0.8559  0.2513 
0.8574  0.2513 
0.8589  0.2500 
0.8604  0.2487 
0.8619  0.2462 
0.8634  0.2449 
0.8649  0.2437 
0.8664  0.2412 
0.8679  0.2361 
0.8694  0.2348 
0.8709  0.2336 
0.8724  0.2323 
0.8739  0.2285 
0.8754  0.2260 
0.8769  0.2247 
0.8784  0.2222 
0.8799  0.2184 
0.8814  0.2172 
0.8829  0.2159 
0.8844  0.2146 
0.8859  0.2134 
0.8874  0.2121 
0.8889  0.2071 
0.8904  0.2058 
0.8919  0.2033 
0.8934  0.2033 
0.8949  0.2008 
0.8964  0.1957 
0.8979  0.1944 
0.8994  0.1843 
0.9009  0.1831 
0.9024  0.1818 
0.9039  0.1806 
0.9054  0.1793 
0.9069  0.1780 
0.9084  0.1768 
0.9099  0.1768 
0.9114  0.1755 
0.9129  0.1742 
0.9144  0.1730 
0.9159  0.1692 
0.9174  0.1679 
0.9189  0.1667 
0.9204  0.1654 
0.9219  0.1641 
0.9234  0.1629 
0.9249  0.1591 
0.9264  0.1578 
0.9279  0.1553 
0.9294  0.1540 
0.9309  0.1528 
0.9324  0.1515 
0.9339  0.1503 
0.9354  0.1490 
0.9369  0.1477 
0.9384  0.1477 
0.9399  0.1351 
0.9414  0.1338 
0.9429  0.1313 
0.9444  0.1263 
0.9459  0.1250 
0.9474  0.1237 
0.9489  0.1187 
0.9505  0.1174 
0.9520  0.1162 
0.9535  0.1149 
0.9550  0.1086 
0.9565  0.1073 
0.9580  0.1061 
0.9595  0.1061 
0.9610  0.0972 
0.9625  0.0758 
0.9640  0.0745 
0.9655  0.0732 
0.9670  0.0720 
0.9685  0.0694 
0.9700  0.0682 
0.9715  0.0682 
0.9730  0.0657 
0.9745  0.0581 
0.9760  0.0568 
0.9775  0.0341 
0.9790  0.0341 
0.9805  0.0316 
0.9820  0.0316 
0.9835  0.0202 
0.9850  0.0164 
0.9865  0.0076 
0.9880  0.0076 
0.9895  0.0076 
0.9910  0.0076 
0.9925  0.0076 
0.9940  0.0063 
0.9955  0.0063 
0.9970  0.0051 
0.9985  0.0013 
1.0000  0.0000 
