0.0000  1.0000 
0.0204  0.9775 
0.0408  0.9551 
0.0612  0.9551 
0.0816  0.9438 
0.1020  0.9326 
0.1224  0.8652 
0.1429  0.8539 
0.1633  0.8427 
0.1837  0.8315 
0.2041  0.8202 
0.2245  0.7865 
0.2449  0.7753 
0.2653  0.7640 
0.2857  0.7528 
0.3061  0.7416 
0.3265  0.7303 
0.3469  0.7191 
0.3673  0.7079 
0.3878  0.6966 
0.4082  0.6854 
0.4286  0.6067 
0.4490  0.6067 
0.4694  0.5843 
0.4898  0.5730 
0.5102  0.5618 
0.5306  0.5618 
0.5510  0.5506 
0.5714  0.4270 
0.5918  0.4157 
0.6122  0.4157 
0.6327  0.4157 
0.6531  0.4045 
0.6735  0.3933 
0.6939  0.3708 
0.7143  0.3708 
0.7347  0.3708 
0.7551  0.3596 
0.7755  0.3596 
0.7959  0.3483 
0.8163  0.3034 
0.8367  0.3034 
0.8571  0.2584 
0.8776  0.2584 
0.8980  0.2472 
0.9184  0.0674 
0.9388  0.0674 
0.9592  0.0225 
0.9796  0.0112 
1.0000  0.0000 
