0.0000  1.0000 
0.0127  0.9903 
0.0253  0.9806 
0.0380  0.9709 
0.0506  0.9612 
0.0633  0.9515 
0.0759  0.9417 
0.0886  0.9320 
0.1013  0.9223 
0.1139  0.9126 
0.1266  0.9029 
0.1392  0.8932 
0.1519  0.8835 
0.1646  0.8738 
0.1772  0.8641 
0.1899  0.8544 
0.2025  0.8447 
0.2152  0.8350 
0.2278  0.8252 
0.2405  0.8155 
0.2532  0.8058 
0.2658  0.7961 
0.2785  0.7864 
0.2911  0.7767 
0.3038  0.7670 
0.3165  0.7573 
0.3291  0.7476 
0.3418  0.7379 
0.3544  0.7282 
0.3671  0.7184 
0.3797  0.7087 
0.3924  0.6990 
0.4051  0.6893 
0.4177  0.6796 
0.4304  0.6699 
0.4430  0.6602 
0.4557  0.6505 
0.4684  0.6408 
0.4810  0.6311 
0.4937  0.6214 
0.5063  0.6117 
0.5190  0.6019 
0.5316  0.5922 
0.5443  0.5825 
0.5570  0.5728 
0.5696  0.5631 
0.5823  0.5534 
0.5949  0.5437 
0.6076  0.5340 
0.6203  0.5243 
0.6329  0.5146 
0.6456  0.5049 
0.6582  0.4854 
0.6709  0.4757 
0.6835  0.4660 
0.6962  0.4563 
0.7089  0.4466 
0.7215  0.4369 
0.7342  0.4272 
0.7468  0.4175 
0.7595  0.4078 
0.7722  0.3981 
0.7848  0.3883 
0.7975  0.3786 
0.8101  0.3689 
0.8228  0.3592 
0.8354  0.3495 
0.8481  0.3301 
0.8608  0.3107 
0.8734  0.2816 
0.8861  0.2718 
0.8987  0.2427 
0.9114  0.2330 
0.9241  0.2136 
0.9367  0.2039 
0.9494  0.1942 
0.9620  0.0388 
0.9747  0.0388 
0.9873  0.0097 
1.0000  0.0000 
