0.0000  1.0000 
0.0278  0.9796 
0.0556  0.9592 
0.0833  0.9388 
0.1111  0.9184 
0.1389  0.8980 
0.1667  0.8571 
0.1944  0.8367 
0.2222  0.8163 
0.2500  0.7959 
0.2778  0.7755 
0.3056  0.7551 
0.3333  0.7347 
0.3611  0.7143 
0.3889  0.6939 
0.4167  0.6735 
0.4444  0.6531 
0.4722  0.6327 
0.5000  0.6122 
0.5278  0.5918 
0.5556  0.5714 
0.5833  0.5510 
0.6111  0.4490 
0.6389  0.4286 
0.6667  0.3878 
0.6944  0.3673 
0.7222  0.3265 
0.7500  0.3265 
0.7778  0.3061 
0.8056  0.2449 
0.8333  0.2245 
0.8611  0.2041 
0.8889  0.1224 
0.9167  0.1224 
0.9444  0.1224 
0.9722  0.0204 
1.0000  0.0000 
