0.0000  1.0000 
0.0099  0.9943 
0.0198  0.9886 
0.0297  0.9829 
0.0396  0.9771 
0.0495  0.9714 
0.0594  0.9657 
0.0693  0.9600 
0.0792  0.9543 
0.0891  0.9486 
0.0990  0.9429 
0.1089  0.9371 
0.1188  0.9314 
0.1287  0.9257 
0.1386  0.9143 
0.1485  0.8971 
0.1584  0.8914 
0.1683  0.8857 
0.1782  0.8800 
0.1881  0.8171 
0.1980  0.8057 
0.2079  0.7886 
0.2178  0.7829 
0.2277  0.7714 
0.2376  0.7657 
0.2475  0.7086 
0.2574  0.7086 
0.2673  0.7029 
0.2772  0.6971 
0.2871  0.6914 
0.2970  0.6800 
0.3069  0.6743 
0.3168  0.6686 
0.3267  0.6571 
0.3366  0.6514 
0.3465  0.6457 
0.3564  0.6400 
0.3663  0.6343 
0.3762  0.6286 
0.3861  0.6229 
0.3960  0.6171 
0.4059  0.6114 
0.4158  0.5714 
0.4257  0.4800 
0.4356  0.4743 
0.4455  0.4514 
0.4554  0.4514 
0.4653  0.4400 
0.4752  0.4400 
0.4851  0.4343 
0.4950  0.4286 
0.5050  0.4229 
0.5149  0.4229 
0.5248  0.4057 
0.5347  0.3943 
0.5446  0.3771 
0.5545  0.3429 
0.5644  0.3371 
0.5743  0.3371 
0.5842  0.3371 
0.5941  0.3371 
0.6040  0.3314 
0.6139  0.3257 
0.6238  0.3200 
0.6337  0.3143 
0.6436  0.3143 
0.6535  0.3086 
0.6634  0.3086 
0.6733  0.3086 
0.6832  0.2857 
0.6931  0.2800 
0.7030  0.2800 
0.7129  0.2629 
0.7228  0.2571 
0.7327  0.2571 
0.7426  0.2400 
0.7525  0.2400 
0.7624  0.2343 
0.7723  0.2286 
0.7822  0.2114 
0.7921  0.2057 
0.8020  0.2057 
0.8119  0.2000 
0.8218  0.2000 
0.8317  0.2000 
0.8416  0.1943 
0.8515  0.1943 
0.8614  0.1886 
0.8713  0.1829 
0.8812  0.1600 
0.8911  0.1543 
0.9010  0.1371 
0.9109  0.1257 
0.9208  0.1257 
0.9307  0.1257 
0.9406  0.1257 
0.9505  0.1086 
0.9604  0.1086 
0.9703  0.0629 
0.9802  0.0286 
0.9901  0.0057 
1.0000  0.0000 
