0.0000  1.0000 
0.0031  0.9976 
0.0063  0.9952 
0.0094  0.9928 
0.0126  0.9903 
0.0157  0.9879 
0.0189  0.9855 
0.0220  0.9831 
0.0252  0.9807 
0.0283  0.9783 
0.0314  0.9758 
0.0346  0.9734 
0.0377  0.9710 
0.0409  0.9686 
0.0440  0.9662 
0.0472  0.9638 
0.0503  0.9614 
0.0535  0.9589 
0.0566  0.9565 
0.0597  0.9541 
0.0629  0.9517 
0.0660  0.9493 
0.0692  0.9444 
0.0723  0.9420 
0.0755  0.9396 
0.0786  0.9372 
0.0818  0.9348 
0.0849  0.9324 
0.0881  0.9179 
0.0912  0.9155 
0.0943  0.9130 
0.0975  0.9106 
0.1006  0.9082 
0.1038  0.9082 
0.1069  0.9058 
0.1101  0.9034 
0.1132  0.9010 
0.1164  0.8986 
0.1195  0.8961 
0.1226  0.8937 
0.1258  0.8913 
0.1289  0.8889 
0.1321  0.8865 
0.1352  0.8841 
0.1384  0.8816 
0.1415  0.8792 
0.1447  0.8768 
0.1478  0.8744 
0.1509  0.8744 
0.1541  0.8720 
0.1572  0.8671 
0.1604  0.8647 
0.1635  0.8623 
0.1667  0.8599 
0.1698  0.8575 
0.1730  0.8551 
0.1761  0.8527 
0.1792  0.8502 
0.1824  0.8478 
0.1855  0.8454 
0.1887  0.8430 
0.1918  0.8406 
0.1950  0.8382 
0.1981  0.8357 
0.2013  0.8333 
0.2044  0.8309 
0.2075  0.8285 
0.2107  0.8237 
0.2138  0.8213 
0.2170  0.8188 
0.2201  0.8164 
0.2233  0.8140 
0.2264  0.8116 
0.2296  0.8092 
0.2327  0.8092 
0.2358  0.8068 
0.2390  0.8043 
0.2421  0.8019 
0.2453  0.7995 
0.2484  0.7971 
0.2516  0.7947 
0.2547  0.7923 
0.2579  0.7899 
0.2610  0.7874 
0.2642  0.7850 
0.2673  0.7826 
0.2704  0.7802 
0.2736  0.7778 
0.2767  0.7754 
0.2799  0.7729 
0.2830  0.7705 
0.2862  0.7657 
0.2893  0.7633 
0.2925  0.7609 
0.2956  0.7585 
0.2987  0.7560 
0.3019  0.7536 
0.3050  0.7512 
0.3082  0.7488 
0.3113  0.7464 
0.3145  0.7440 
0.3176  0.7415 
0.3208  0.7391 
0.3239  0.7367 
0.3270  0.7319 
0.3302  0.7271 
0.3333  0.7174 
0.3365  0.7150 
0.3396  0.7126 
0.3428  0.7101 
0.3459  0.7077 
0.3491  0.7053 
0.3522  0.7029 
0.3553  0.7005 
0.3585  0.6981 
0.3616  0.6957 
0.3648  0.6932 
0.3679  0.6908 
0.3711  0.6908 
0.3742  0.6884 
0.3774  0.6860 
0.3805  0.6836 
0.3836  0.6812 
0.3868  0.6787 
0.3899  0.6763 
0.3931  0.6715 
0.3962  0.6667 
0.3994  0.6667 
0.4025  0.6643 
0.4057  0.6618 
0.4088  0.6618 
0.4119  0.6594 
0.4151  0.6570 
0.4182  0.6546 
0.4214  0.6449 
0.4245  0.6425 
0.4277  0.6377 
0.4308  0.6353 
0.4340  0.6329 
0.4371  0.6280 
0.4403  0.6256 
0.4434  0.6232 
0.4465  0.6208 
0.4497  0.6208 
0.4528  0.6184 
0.4560  0.6159 
0.4591  0.6135 
0.4623  0.6111 
0.4654  0.6087 
0.4686  0.6063 
0.4717  0.6039 
0.4748  0.5966 
0.4780  0.5845 
0.4811  0.5821 
0.4843  0.5797 
0.4874  0.5773 
0.4906  0.5749 
0.4937  0.5725 
0.4969  0.5700 
0.5000  0.5676 
0.5031  0.5676 
0.5063  0.5652 
0.5094  0.5628 
0.5126  0.5604 
0.5157  0.5580 
0.5189  0.5556 
0.5220  0.5531 
0.5252  0.5507 
0.5283  0.5483 
0.5314  0.5459 
0.5346  0.5435 
0.5377  0.5435 
0.5409  0.5411 
0.5440  0.5386 
0.5472  0.5362 
0.5503  0.5338 
0.5535  0.5314 
0.5566  0.5290 
0.5597  0.5266 
0.5629  0.5242 
0.5660  0.5193 
0.5692  0.5169 
0.5723  0.5145 
0.5755  0.5121 
0.5786  0.5097 
0.5818  0.5072 
0.5849  0.5048 
0.5881  0.5024 
0.5912  0.5000 
0.5943  0.4976 
0.5975  0.4952 
0.6006  0.4928 
0.6038  0.4855 
0.6069  0.4831 
0.6101  0.4807 
0.6132  0.4783 
0.6164  0.4734 
0.6195  0.4710 
0.6226  0.4686 
0.6258  0.4662 
0.6289  0.4638 
0.6321  0.4614 
0.6352  0.4614 
0.6384  0.4589 
0.6415  0.4541 
0.6447  0.4517 
0.6478  0.4493 
0.6509  0.4469 
0.6541  0.4444 
0.6572  0.4420 
0.6604  0.4396 
0.6635  0.4372 
0.6667  0.4348 
0.6698  0.4324 
0.6730  0.4300 
0.6761  0.4275 
0.6792  0.4251 
0.6824  0.4227 
0.6855  0.4203 
0.6887  0.4179 
0.6918  0.4155 
0.6950  0.4130 
0.6981  0.4106 
0.7013  0.4082 
0.7044  0.4058 
0.7075  0.4058 
0.7107  0.3961 
0.7138  0.3889 
0.7170  0.3865 
0.7201  0.3841 
0.7233  0.3792 
0.7264  0.3768 
0.7296  0.3671 
0.7327  0.3647 
0.7358  0.3623 
0.7390  0.3454 
0.7421  0.3430 
0.7453  0.3406 
0.7484  0.3309 
0.7516  0.3261 
0.7547  0.3188 
0.7579  0.3164 
0.7610  0.3092 
0.7642  0.3092 
0.7673  0.3019 
0.7704  0.2971 
0.7736  0.2947 
0.7767  0.2923 
0.7799  0.2754 
0.7830  0.2705 
0.7862  0.2657 
0.7893  0.2633 
0.7925  0.2536 
0.7956  0.2488 
0.7987  0.2488 
0.8019  0.2464 
0.8050  0.2440 
0.8082  0.2367 
0.8113  0.2343 
0.8145  0.2319 
0.8176  0.2295 
0.8208  0.2271 
0.8239  0.2271 
0.8270  0.2246 
0.8302  0.2222 
0.8333  0.2198 
0.8365  0.2174 
0.8396  0.2174 
0.8428  0.2150 
0.8459  0.2126 
0.8491  0.2101 
0.8522  0.2077 
0.8553  0.2077 
0.8585  0.2053 
0.8616  0.2005 
0.8648  0.1908 
0.8679  0.1836 
0.8711  0.1812 
0.8742  0.1739 
0.8774  0.1691 
0.8805  0.1667 
0.8836  0.1643 
0.8868  0.1618 
0.8899  0.1594 
0.8931  0.1401 
0.8962  0.1401 
0.8994  0.1377 
0.9025  0.1353 
0.9057  0.1329 
0.9088  0.1329 
0.9119  0.1329 
0.9151  0.1304 
0.9182  0.1280 
0.9214  0.1256 
0.9245  0.1256 
0.9277  0.1232 
0.9308  0.1232 
0.9340  0.1208 
0.9371  0.1208 
0.9403  0.1184 
0.9434  0.1135 
0.9465  0.1014 
0.9497  0.0990 
0.9528  0.0990 
0.9560  0.0966 
0.9591  0.0966 
0.9623  0.0942 
0.9654  0.0580 
0.9686  0.0580 
0.9717  0.0556 
0.9748  0.0507 
0.9780  0.0483 
0.9811  0.0483 
0.9843  0.0242 
0.9874  0.0242 
0.9906  0.0169 
0.9937  0.0048 
0.9969  0.0024 
1.0000  0.0000 
