0.0000  1.0000 
0.0182  0.9880 
0.0364  0.9759 
0.0545  0.9639 
0.0727  0.9398 
0.0909  0.9277 
0.1091  0.9157 
0.1273  0.9036 
0.1455  0.8916 
0.1636  0.8795 
0.1818  0.8675 
0.2000  0.8554 
0.2182  0.8313 
0.2364  0.8193 
0.2545  0.8072 
0.2727  0.7952 
0.2909  0.7831 
0.3091  0.7711 
0.3273  0.7590 
0.3455  0.7470 
0.3636  0.7349 
0.3818  0.7229 
0.4000  0.7108 
0.4182  0.6386 
0.4364  0.6145 
0.4545  0.6024 
0.4727  0.5904 
0.4909  0.5783 
0.5091  0.5663 
0.5273  0.5542 
0.5455  0.5422 
0.5636  0.5181 
0.5818  0.5060 
0.6000  0.4940 
0.6182  0.4819 
0.6364  0.4699 
0.6545  0.4578 
0.6727  0.4458 
0.6909  0.4337 
0.7091  0.4217 
0.7273  0.4096 
0.7455  0.3976 
0.7636  0.3253 
0.7818  0.3133 
0.8000  0.2289 
0.8182  0.2289 
0.8364  0.2169 
0.8545  0.2169 
0.8727  0.1566 
0.8909  0.1446 
0.9091  0.0482 
0.9273  0.0482 
0.9455  0.0482 
0.9636  0.0241 
0.9818  0.0120 
1.0000  0.0000 
