0.0000  1.0000 
0.0286  0.9792 
0.0571  0.9583 
0.0857  0.9375 
0.1143  0.9167 
0.1429  0.8958 
0.1714  0.8750 
0.2000  0.8542 
0.2286  0.8333 
0.2571  0.8125 
0.2857  0.7917 
0.3143  0.7708 
0.3429  0.7500 
0.3714  0.7292 
0.4000  0.7083 
0.4286  0.6875 
0.4571  0.6667 
0.4857  0.6458 
0.5143  0.6250 
0.5429  0.6042 
0.5714  0.5833 
0.6000  0.5625 
0.6286  0.5417 
0.6571  0.5208 
0.6857  0.5000 
0.7143  0.4792 
0.7429  0.4583 
0.7714  0.4375 
0.8000  0.3958 
0.8286  0.3750 
0.8571  0.3542 
0.8857  0.1875 
0.9143  0.1875 
0.9429  0.0625 
0.9714  0.0208 
1.0000  0.0000 
