0.0000  1.0000 
0.0164  0.9740 
0.0328  0.9610 
0.0492  0.9481 
0.0656  0.9351 
0.0820  0.9221 
0.0984  0.9091 
0.1148  0.8961 
0.1311  0.8831 
0.1475  0.8701 
0.1639  0.8571 
0.1803  0.8442 
0.1967  0.8312 
0.2131  0.8182 
0.2295  0.8052 
0.2459  0.7922 
0.2623  0.7662 
0.2787  0.7532 
0.2951  0.7273 
0.3115  0.6883 
0.3279  0.6753 
0.3443  0.6623 
0.3607  0.6494 
0.3770  0.6364 
0.3934  0.6234 
0.4098  0.6104 
0.4262  0.5974 
0.4426  0.5844 
0.4590  0.5844 
0.4754  0.5714 
0.4918  0.5584 
0.5082  0.5455 
0.5246  0.5325 
0.5410  0.5195 
0.5574  0.5065 
0.5738  0.4935 
0.5902  0.4805 
0.6066  0.4675 
0.6230  0.4545 
0.6393  0.4286 
0.6557  0.4156 
0.6721  0.4026 
0.6885  0.3896 
0.7049  0.3636 
0.7213  0.3247 
0.7377  0.3117 
0.7541  0.2987 
0.7705  0.2857 
0.7869  0.2338 
0.8033  0.2208 
0.8197  0.2078 
0.8361  0.1948 
0.8525  0.1818 
0.8689  0.1688 
0.8852  0.1429 
0.9016  0.1299 
0.9180  0.1169 
0.9344  0.1039 
0.9508  0.0649 
0.9672  0.0519 
0.9836  0.0130 
1.0000  0.0000 
