0.0000  1.0000 
0.0167  0.9865 
0.0333  0.9730 
0.0500  0.9595 
0.0667  0.9459 
0.0833  0.9324 
0.1000  0.9189 
0.1167  0.9054 
0.1333  0.8919 
0.1500  0.8784 
0.1667  0.8649 
0.1833  0.8514 
0.2000  0.8378 
0.2167  0.8243 
0.2333  0.8108 
0.2500  0.7973 
0.2667  0.7838 
0.2833  0.7703 
0.3000  0.7568 
0.3167  0.7432 
0.3333  0.7297 
0.3500  0.7162 
0.3667  0.7027 
0.3833  0.6892 
0.4000  0.6757 
0.4167  0.6622 
0.4333  0.6486 
0.4500  0.6351 
0.4667  0.6216 
0.4833  0.6081 
0.5000  0.5946 
0.5167  0.5676 
0.5333  0.5541 
0.5500  0.5405 
0.5667  0.5270 
0.5833  0.5135 
0.6000  0.5000 
0.6167  0.4865 
0.6333  0.4730 
0.6500  0.4595 
0.6667  0.4459 
0.6833  0.4459 
0.7000  0.4324 
0.7167  0.4189 
0.7333  0.4054 
0.7500  0.3919 
0.7667  0.3784 
0.7833  0.3649 
0.8000  0.3514 
0.8167  0.3378 
0.8333  0.2838 
0.8500  0.1486 
0.8667  0.1351 
0.8833  0.1351 
0.9000  0.1351 
0.9167  0.1216 
0.9333  0.0676 
0.9500  0.0676 
0.9667  0.0541 
0.9833  0.0135 
1.0000  0.0000 
