0.0000  1.0000 
0.0189  0.9851 
0.0377  0.9701 
0.0566  0.9552 
0.0755  0.9403 
0.0943  0.9254 
0.1132  0.8806 
0.1321  0.8657 
0.1509  0.8507 
0.1698  0.8358 
0.1887  0.8060 
0.2075  0.7910 
0.2264  0.7463 
0.2453  0.7463 
0.2642  0.7015 
0.2830  0.6866 
0.3019  0.6418 
0.3208  0.6269 
0.3396  0.6119 
0.3585  0.5821 
0.3774  0.5373 
0.3962  0.5224 
0.4151  0.4627 
0.4340  0.3284 
0.4528  0.2537 
0.4717  0.0746 
0.4906  0.0746 
0.5094  0.0746 
0.5283  0.0746 
0.5472  0.0597 
0.5660  0.0597 
0.5849  0.0597 
0.6038  0.0597 
0.6226  0.0597 
0.6415  0.0597 
0.6604  0.0597 
0.6792  0.0448 
0.6981  0.0448 
0.7170  0.0448 
0.7358  0.0448 
0.7547  0.0448 
0.7736  0.0448 
0.7925  0.0448 
0.8113  0.0448 
0.8302  0.0299 
0.8491  0.0299 
0.8679  0.0299 
0.8868  0.0299 
0.9057  0.0299 
0.9245  0.0299 
0.9434  0.0299 
0.9623  0.0299 
0.9811  0.0149 
1.0000  0.0000 
