0.0000  1.0000 
0.0011  0.9990 
0.0023  0.9980 
0.0034  0.9970 
0.0045  0.9960 
0.0057  0.9950 
0.0068  0.9940 
0.0079  0.9930 
0.0091  0.9920 
0.0102  0.9910 
0.0113  0.9900 
0.0125  0.9890 
0.0136  0.9880 
0.0147  0.9869 
0.0159  0.9859 
0.0170  0.9849 
0.0181  0.9839 
0.0193  0.9829 
0.0204  0.9819 
0.0215  0.9809 
0.0227  0.9799 
0.0238  0.9789 
0.0249  0.9779 
0.0260  0.9769 
0.0272  0.9759 
0.0283  0.9749 
0.0294  0.9739 
0.0306  0.9729 
0.0317  0.9719 
0.0328  0.9709 
0.0340  0.9699 
0.0351  0.9689 
0.0362  0.9679 
0.0374  0.9669 
0.0385  0.9659 
0.0396  0.9649 
0.0408  0.9639 
0.0419  0.9629 
0.0430  0.9618 
0.0442  0.9608 
0.0453  0.9598 
0.0464  0.9588 
0.0476  0.9578 
0.0487  0.9568 
0.0498  0.9558 
0.0510  0.9548 
0.0521  0.9538 
0.0532  0.9528 
0.0544  0.9518 
0.0555  0.9508 
0.0566  0.9498 
0.0578  0.9488 
0.0589  0.9458 
0.0600  0.9448 
0.0612  0.9438 
0.0623  0.9428 
0.0634  0.9418 
0.0646  0.9408 
0.0657  0.9398 
0.0668  0.9388 
0.0680  0.9378 
0.0691  0.9367 
0.0702  0.9357 
0.0713  0.9347 
0.0725  0.9337 
0.0736  0.9327 
0.0747  0.9317 
0.0759  0.9307 
0.0770  0.9297 
0.0781  0.9287 
0.0793  0.9277 
0.0804  0.9267 
0.0815  0.9257 
0.0827  0.9247 
0.0838  0.9237 
0.0849  0.9227 
0.0861  0.9217 
0.0872  0.9207 
0.0883  0.9197 
0.0895  0.9187 
0.0906  0.9177 
0.0917  0.9167 
0.0929  0.9157 
0.0940  0.9147 
0.0951  0.9137 
0.0963  0.9127 
0.0974  0.9116 
0.0985  0.9106 
0.0997  0.9096 
0.1008  0.9086 
0.1019  0.9076 
0.1031  0.9066 
0.1042  0.9056 
0.1053  0.8996 
0.1065  0.8986 
0.1076  0.8976 
0.1087  0.8966 
0.1099  0.8956 
0.1110  0.8946 
0.1121  0.8936 
0.1133  0.8926 
0.1144  0.8916 
0.1155  0.8825 
0.1166  0.8815 
0.1178  0.8805 
0.1189  0.8795 
0.1200  0.8785 
0.1212  0.8775 
0.1223  0.8765 
0.1234  0.8755 
0.1246  0.8745 
0.1257  0.8735 
0.1268  0.8725 
0.1280  0.8715 
0.1291  0.8705 
0.1302  0.8695 
0.1314  0.8685 
0.1325  0.8675 
0.1336  0.8665 
0.1348  0.8655 
0.1359  0.8645 
0.1370  0.8635 
0.1382  0.8624 
0.1393  0.8614 
0.1404  0.8604 
0.1416  0.8594 
0.1427  0.8584 
0.1438  0.8574 
0.1450  0.8564 
0.1461  0.8564 
0.1472  0.8554 
0.1484  0.8544 
0.1495  0.8534 
0.1506  0.8524 
0.1518  0.8514 
0.1529  0.8504 
0.1540  0.8494 
0.1552  0.8484 
0.1563  0.8474 
0.1574  0.8464 
0.1586  0.8454 
0.1597  0.8444 
0.1608  0.8434 
0.1619  0.8424 
0.1631  0.8414 
0.1642  0.8404 
0.1653  0.8394 
0.1665  0.8384 
0.1676  0.8373 
0.1687  0.8363 
0.1699  0.8353 
0.1710  0.8343 
0.1721  0.8333 
0.1733  0.8323 
0.1744  0.8313 
0.1755  0.8303 
0.1767  0.8293 
0.1778  0.8283 
0.1789  0.8273 
0.1801  0.8213 
0.1812  0.8203 
0.1823  0.8193 
0.1835  0.8183 
0.1846  0.8173 
0.1857  0.8163 
0.1869  0.8153 
0.1880  0.8143 
0.1891  0.8133 
0.1903  0.8122 
0.1914  0.8112 
0.1925  0.8102 
0.1937  0.8092 
0.1948  0.8082 
0.1959  0.8072 
0.1971  0.8062 
0.1982  0.8052 
0.1993  0.8042 
0.2005  0.8032 
0.2016  0.8022 
0.2027  0.8012 
0.2039  0.8002 
0.2050  0.7992 
0.2061  0.7982 
0.2072  0.7972 
0.2084  0.7962 
0.2095  0.7952 
0.2106  0.7942 
0.2118  0.7932 
0.2129  0.7922 
0.2140  0.7912 
0.2152  0.7902 
0.2163  0.7892 
0.2174  0.7882 
0.2186  0.7871 
0.2197  0.7861 
0.2208  0.7851 
0.2220  0.7841 
0.2231  0.7831 
0.2242  0.7821 
0.2254  0.7811 
0.2265  0.7761 
0.2276  0.7751 
0.2288  0.7741 
0.2299  0.7731 
0.2310  0.7721 
0.2322  0.7711 
0.2333  0.7701 
0.2344  0.7691 
0.2356  0.7681 
0.2367  0.7671 
0.2378  0.7661 
0.2390  0.7651 
0.2401  0.7641 
0.2412  0.7631 
0.2424  0.7620 
0.2435  0.7610 
0.2446  0.7600 
0.2458  0.7590 
0.2469  0.7580 
0.2480  0.7570 
0.2492  0.7560 
0.2503  0.7550 
0.2514  0.7540 
0.2525  0.7530 
0.2537  0.7520 
0.2548  0.7510 
0.2559  0.7500 
0.2571  0.7490 
0.2582  0.7480 
0.2593  0.7470 
0.2605  0.7460 
0.2616  0.7450 
0.2627  0.7440 
0.2639  0.7430 
0.2650  0.7420 
0.2661  0.7410 
0.2673  0.7400 
0.2684  0.7390 
0.2695  0.7380 
0.2707  0.7369 
0.2718  0.7359 
0.2729  0.7349 
0.2741  0.7339 
0.2752  0.7319 
0.2763  0.7309 
0.2775  0.7299 
0.2786  0.7289 
0.2797  0.7279 
0.2809  0.7269 
0.2820  0.7259 
0.2831  0.7249 
0.2843  0.7239 
0.2854  0.7229 
0.2865  0.7219 
0.2877  0.7209 
0.2888  0.7199 
0.2899  0.7189 
0.2911  0.7179 
0.2922  0.7169 
0.2933  0.7159 
0.2945  0.7149 
0.2956  0.7139 
0.2967  0.7129 
0.2978  0.7118 
0.2990  0.7108 
0.3001  0.7098 
0.3012  0.7088 
0.3024  0.7078 
0.3035  0.7068 
0.3046  0.7058 
0.3058  0.7048 
0.3069  0.7038 
0.3080  0.7028 
0.3092  0.7018 
0.3103  0.7008 
0.3114  0.6998 
0.3126  0.6988 
0.3137  0.6978 
0.3148  0.6968 
0.3160  0.6958 
0.3171  0.6948 
0.3182  0.6938 
0.3194  0.6928 
0.3205  0.6918 
0.3216  0.6908 
0.3228  0.6898 
0.3239  0.6888 
0.3250  0.6878 
0.3262  0.6867 
0.3273  0.6857 
0.3284  0.6847 
0.3296  0.6837 
0.3307  0.6827 
0.3318  0.6817 
0.3330  0.6807 
0.3341  0.6797 
0.3352  0.6787 
0.3364  0.6777 
0.3375  0.6767 
0.3386  0.6757 
0.3398  0.6747 
0.3409  0.6737 
0.3420  0.6727 
0.3431  0.6717 
0.3443  0.6707 
0.3454  0.6697 
0.3465  0.6687 
0.3477  0.6677 
0.3488  0.6667 
0.3499  0.6657 
0.3511  0.6647 
0.3522  0.6637 
0.3533  0.6616 
0.3545  0.6606 
0.3556  0.6596 
0.3567  0.6586 
0.3579  0.6576 
0.3590  0.6566 
0.3601  0.6556 
0.3613  0.6546 
0.3624  0.6536 
0.3635  0.6526 
0.3647  0.6516 
0.3658  0.6506 
0.3669  0.6496 
0.3681  0.6486 
0.3692  0.6476 
0.3703  0.6466 
0.3715  0.6456 
0.3726  0.6446 
0.3737  0.6436 
0.3749  0.6426 
0.3760  0.6416 
0.3771  0.6406 
0.3783  0.6396 
0.3794  0.6386 
0.3805  0.6376 
0.3817  0.6365 
0.3828  0.6355 
0.3839  0.6345 
0.3851  0.6335 
0.3862  0.6325 
0.3873  0.6315 
0.3884  0.6305 
0.3896  0.6295 
0.3907  0.6285 
0.3918  0.6275 
0.3930  0.6265 
0.3941  0.6255 
0.3952  0.6245 
0.3964  0.6235 
0.3975  0.6225 
0.3986  0.6215 
0.3998  0.6205 
0.4009  0.6195 
0.4020  0.6185 
0.4032  0.6175 
0.4043  0.6165 
0.4054  0.6155 
0.4066  0.6145 
0.4077  0.6145 
0.4088  0.6135 
0.4100  0.6124 
0.4111  0.6114 
0.4122  0.6104 
0.4134  0.6094 
0.4145  0.6084 
0.4156  0.6074 
0.4168  0.6064 
0.4179  0.6054 
0.4190  0.6024 
0.4202  0.6014 
0.4213  0.6004 
0.4224  0.5994 
0.4236  0.5984 
0.4247  0.5974 
0.4258  0.5964 
0.4270  0.5954 
0.4281  0.5944 
0.4292  0.5894 
0.4304  0.5884 
0.4315  0.5873 
0.4326  0.5863 
0.4337  0.5853 
0.4349  0.5843 
0.4360  0.5833 
0.4371  0.5823 
0.4383  0.5813 
0.4394  0.5803 
0.4405  0.5793 
0.4417  0.5783 
0.4428  0.5773 
0.4439  0.5763 
0.4451  0.5753 
0.4462  0.5743 
0.4473  0.5733 
0.4485  0.5723 
0.4496  0.5713 
0.4507  0.5703 
0.4519  0.5693 
0.4530  0.5683 
0.4541  0.5663 
0.4553  0.5653 
0.4564  0.5643 
0.4575  0.5633 
0.4587  0.5622 
0.4598  0.5612 
0.4609  0.5602 
0.4621  0.5592 
0.4632  0.5582 
0.4643  0.5572 
0.4655  0.5562 
0.4666  0.5552 
0.4677  0.5542 
0.4689  0.5532 
0.4700  0.5522 
0.4711  0.5512 
0.4723  0.5502 
0.4734  0.5492 
0.4745  0.5482 
0.4757  0.5472 
0.4768  0.5462 
0.4779  0.5452 
0.4790  0.5442 
0.4802  0.5432 
0.4813  0.5422 
0.4824  0.5412 
0.4836  0.5402 
0.4847  0.5392 
0.4858  0.5382 
0.4870  0.5371 
0.4881  0.5361 
0.4892  0.5351 
0.4904  0.5341 
0.4915  0.5331 
0.4926  0.5321 
0.4938  0.5311 
0.4949  0.5301 
0.4960  0.5291 
0.4972  0.5281 
0.4983  0.5271 
0.4994  0.5261 
0.5006  0.5251 
0.5017  0.5241 
0.5028  0.5231 
0.5040  0.5221 
0.5051  0.5211 
0.5062  0.5201 
0.5074  0.5191 
0.5085  0.5181 
0.5096  0.5171 
0.5108  0.5161 
0.5119  0.5151 
0.5130  0.5141 
0.5142  0.5131 
0.5153  0.5120 
0.5164  0.5120 
0.5176  0.5110 
0.5187  0.5100 
0.5198  0.5090 
0.5210  0.5080 
0.5221  0.5070 
0.5232  0.5060 
0.5243  0.5050 
0.5255  0.5030 
0.5266  0.5020 
0.5277  0.5010 
0.5289  0.5000 
0.5300  0.4990 
0.5311  0.4980 
0.5323  0.4970 
0.5334  0.4960 
0.5345  0.4950 
0.5357  0.4940 
0.5368  0.4930 
0.5379  0.4920 
0.5391  0.4910 
0.5402  0.4900 
0.5413  0.4890 
0.5425  0.4880 
0.5436  0.4869 
0.5447  0.4859 
0.5459  0.4849 
0.5470  0.4839 
0.5481  0.4819 
0.5493  0.4809 
0.5504  0.4799 
0.5515  0.4789 
0.5527  0.4779 
0.5538  0.4769 
0.5549  0.4759 
0.5561  0.4749 
0.5572  0.4739 
0.5583  0.4729 
0.5595  0.4719 
0.5606  0.4709 
0.5617  0.4699 
0.5629  0.4689 
0.5640  0.4679 
0.5651  0.4669 
0.5663  0.4659 
0.5674  0.4649 
0.5685  0.4639 
0.5696  0.4629 
0.5708  0.4629 
0.5719  0.4618 
0.5730  0.4598 
0.5742  0.4588 
0.5753  0.4578 
0.5764  0.4568 
0.5776  0.4558 
0.5787  0.4548 
0.5798  0.4538 
0.5810  0.4528 
0.5821  0.4518 
0.5832  0.4508 
0.5844  0.4498 
0.5855  0.4488 
0.5866  0.4478 
0.5878  0.4468 
0.5889  0.4458 
0.5900  0.4448 
0.5912  0.4438 
0.5923  0.4428 
0.5934  0.4418 
0.5946  0.4408 
0.5957  0.4398 
0.5968  0.4388 
0.5980  0.4378 
0.5991  0.4367 
0.6002  0.4357 
0.6014  0.4337 
0.6025  0.4297 
0.6036  0.4287 
0.6048  0.4277 
0.6059  0.4267 
0.6070  0.4257 
0.6082  0.4247 
0.6093  0.4237 
0.6104  0.4227 
0.6116  0.4217 
0.6127  0.4207 
0.6138  0.4197 
0.6149  0.4187 
0.6161  0.4177 
0.6172  0.4167 
0.6183  0.4157 
0.6195  0.4147 
0.6206  0.4137 
0.6217  0.4127 
0.6229  0.4116 
0.6240  0.4106 
0.6251  0.4096 
0.6263  0.4086 
0.6274  0.4076 
0.6285  0.4066 
0.6297  0.4056 
0.6308  0.4046 
0.6319  0.4036 
0.6331  0.3996 
0.6342  0.3986 
0.6353  0.3976 
0.6365  0.3966 
0.6376  0.3956 
0.6387  0.3946 
0.6399  0.3936 
0.6410  0.3926 
0.6421  0.3916 
0.6433  0.3906 
0.6444  0.3896 
0.6455  0.3886 
0.6467  0.3876 
0.6478  0.3865 
0.6489  0.3855 
0.6501  0.3855 
0.6512  0.3845 
0.6523  0.3835 
0.6535  0.3825 
0.6546  0.3815 
0.6557  0.3805 
0.6569  0.3795 
0.6580  0.3785 
0.6591  0.3775 
0.6602  0.3765 
0.6614  0.3755 
0.6625  0.3745 
0.6636  0.3735 
0.6648  0.3725 
0.6659  0.3715 
0.6670  0.3705 
0.6682  0.3695 
0.6693  0.3685 
0.6704  0.3675 
0.6716  0.3665 
0.6727  0.3655 
0.6738  0.3645 
0.6750  0.3635 
0.6761  0.3624 
0.6772  0.3614 
0.6784  0.3604 
0.6795  0.3594 
0.6806  0.3584 
0.6818  0.3574 
0.6829  0.3564 
0.6840  0.3554 
0.6852  0.3544 
0.6863  0.3534 
0.6874  0.3524 
0.6886  0.3514 
0.6897  0.3504 
0.6908  0.3494 
0.6920  0.3474 
0.6931  0.3464 
0.6942  0.3454 
0.6954  0.3444 
0.6965  0.3434 
0.6976  0.3424 
0.6988  0.3414 
0.6999  0.3404 
0.7010  0.3394 
0.7022  0.3384 
0.7033  0.3373 
0.7044  0.3363 
0.7055  0.3353 
0.7067  0.3303 
0.7078  0.3303 
0.7089  0.3293 
0.7101  0.3283 
0.7112  0.3273 
0.7123  0.3263 
0.7135  0.3253 
0.7146  0.3243 
0.7157  0.3233 
0.7169  0.3223 
0.7180  0.3213 
0.7191  0.3203 
0.7203  0.3193 
0.7214  0.3183 
0.7225  0.3173 
0.7237  0.3163 
0.7248  0.3153 
0.7259  0.3143 
0.7271  0.3133 
0.7282  0.3122 
0.7293  0.3112 
0.7305  0.3102 
0.7316  0.3092 
0.7327  0.3082 
0.7339  0.3072 
0.7350  0.3072 
0.7361  0.3062 
0.7373  0.3052 
0.7384  0.3042 
0.7395  0.3032 
0.7407  0.3022 
0.7418  0.3012 
0.7429  0.3002 
0.7441  0.2992 
0.7452  0.2982 
0.7463  0.2972 
0.7475  0.2962 
0.7486  0.2952 
0.7497  0.2942 
0.7508  0.2932 
0.7520  0.2922 
0.7531  0.2912 
0.7542  0.2902 
0.7554  0.2892 
0.7565  0.2882 
0.7576  0.2871 
0.7588  0.2861 
0.7599  0.2851 
0.7610  0.2841 
0.7622  0.2831 
0.7633  0.2821 
0.7644  0.2811 
0.7656  0.2801 
0.7667  0.2791 
0.7678  0.2781 
0.7690  0.2771 
0.7701  0.2761 
0.7712  0.2751 
0.7724  0.2741 
0.7735  0.2731 
0.7746  0.2721 
0.7758  0.2711 
0.7769  0.2701 
0.7780  0.2691 
0.7792  0.2681 
0.7803  0.2671 
0.7814  0.2661 
0.7826  0.2651 
0.7837  0.2641 
0.7848  0.2631 
0.7860  0.2620 
0.7871  0.2610 
0.7882  0.2600 
0.7894  0.2590 
0.7905  0.2580 
0.7916  0.2570 
0.7928  0.2560 
0.7939  0.2550 
0.7950  0.2540 
0.7961  0.2510 
0.7973  0.2500 
0.7984  0.2490 
0.7995  0.2480 
0.8007  0.2470 
0.8018  0.2460 
0.8029  0.2450 
0.8041  0.2440 
0.8052  0.2430 
0.8063  0.2420 
0.8075  0.2410 
0.8086  0.2390 
0.8097  0.2380 
0.8109  0.2369 
0.8120  0.2359 
0.8131  0.2349 
0.8143  0.2339 
0.8154  0.2329 
0.8165  0.2319 
0.8177  0.2309 
0.8188  0.2299 
0.8199  0.2289 
0.8211  0.2279 
0.8222  0.2269 
0.8233  0.2259 
0.8245  0.2249 
0.8256  0.2239 
0.8267  0.2229 
0.8279  0.2209 
0.8290  0.2199 
0.8301  0.2189 
0.8313  0.2179 
0.8324  0.2169 
0.8335  0.2159 
0.8347  0.2149 
0.8358  0.2139 
0.8369  0.2129 
0.8381  0.2118 
0.8392  0.2108 
0.8403  0.2098 
0.8414  0.2088 
0.8426  0.2078 
0.8437  0.2068 
0.8448  0.2058 
0.8460  0.2048 
0.8471  0.2038 
0.8482  0.2038 
0.8494  0.2028 
0.8505  0.2018 
0.8516  0.2008 
0.8528  0.1998 
0.8539  0.1988 
0.8550  0.1978 
0.8562  0.1968 
0.8573  0.1958 
0.8584  0.1948 
0.8596  0.1938 
0.8607  0.1928 
0.8618  0.1928 
0.8630  0.1918 
0.8641  0.1908 
0.8652  0.1888 
0.8664  0.1878 
0.8675  0.1857 
0.8686  0.1847 
0.8698  0.1827 
0.8709  0.1817 
0.8720  0.1807 
0.8732  0.1797 
0.8743  0.1787 
0.8754  0.1777 
0.8766  0.1767 
0.8777  0.1757 
0.8788  0.1667 
0.8800  0.1657 
0.8811  0.1647 
0.8822  0.1637 
0.8834  0.1627 
0.8845  0.1627 
0.8856  0.1616 
0.8867  0.1606 
0.8879  0.1596 
0.8890  0.1596 
0.8901  0.1586 
0.8913  0.1576 
0.8924  0.1566 
0.8935  0.1556 
0.8947  0.1546 
0.8958  0.1536 
0.8969  0.1526 
0.8981  0.1516 
0.8992  0.1506 
0.9003  0.1496 
0.9015  0.1486 
0.9026  0.1476 
0.9037  0.1466 
0.9049  0.1456 
0.9060  0.1436 
0.9071  0.1426 
0.9083  0.1416 
0.9094  0.1416 
0.9105  0.1406 
0.9117  0.1396 
0.9128  0.1386 
0.9139  0.1376 
0.9151  0.1365 
0.9162  0.1355 
0.9173  0.1345 
0.9185  0.1335 
0.9196  0.1335 
0.9207  0.1325 
0.9219  0.1315 
0.9230  0.1295 
0.9241  0.1285 
0.9253  0.1275 
0.9264  0.1265 
0.9275  0.1205 
0.9287  0.1195 
0.9298  0.1185 
0.9309  0.1175 
0.9320  0.1165 
0.9332  0.1155 
0.9343  0.1135 
0.9354  0.1135 
0.9366  0.1124 
0.9377  0.1124 
0.9388  0.1074 
0.9400  0.1064 
0.9411  0.1054 
0.9422  0.1044 
0.9434  0.1044 
0.9445  0.1034 
0.9456  0.1024 
0.9468  0.1004 
0.9479  0.0984 
0.9490  0.0974 
0.9502  0.0964 
0.9513  0.0954 
0.9524  0.0944 
0.9536  0.0934 
0.9547  0.0924 
0.9558  0.0914 
0.9570  0.0683 
0.9581  0.0673 
0.9592  0.0663 
0.9604  0.0653 
0.9615  0.0643 
0.9626  0.0643 
0.9638  0.0633 
0.9649  0.0622 
0.9660  0.0622 
0.9672  0.0612 
0.9683  0.0612 
0.9694  0.0602 
0.9706  0.0582 
0.9717  0.0472 
0.9728  0.0351 
0.9740  0.0351 
0.9751  0.0311 
0.9762  0.0311 
0.9773  0.0311 
0.9785  0.0301 
0.9796  0.0291 
0.9807  0.0281 
0.9819  0.0281 
0.9830  0.0241 
0.9841  0.0221 
0.9853  0.0211 
0.9864  0.0211 
0.9875  0.0211 
0.9887  0.0211 
0.9898  0.0201 
0.9909  0.0201 
0.9921  0.0201 
0.9932  0.0191 
0.9943  0.0110 
0.9955  0.0110 
0.9966  0.0100 
0.9977  0.0030 
0.9989  0.0010 
1.0000  0.0000 
