0.0000  1.0000 
0.0123  0.9907 
0.0247  0.9813 
0.0370  0.9720 
0.0494  0.9626 
0.0617  0.9533 
0.0741  0.9346 
0.0864  0.9252 
0.0988  0.9159 
0.1111  0.9065 
0.1235  0.8972 
0.1358  0.8879 
0.1481  0.8785 
0.1605  0.8692 
0.1728  0.8598 
0.1852  0.8505 
0.1975  0.8411 
0.2099  0.8318 
0.2222  0.8224 
0.2346  0.8131 
0.2469  0.8037 
0.2593  0.7944 
0.2716  0.7850 
0.2840  0.7757 
0.2963  0.7664 
0.3086  0.7570 
0.3210  0.7477 
0.3333  0.7383 
0.3457  0.7290 
0.3580  0.7196 
0.3704  0.7103 
0.3827  0.7009 
0.3951  0.6916 
0.4074  0.6822 
0.4198  0.6729 
0.4321  0.6636 
0.4444  0.6542 
0.4568  0.6449 
0.4691  0.6355 
0.4815  0.6262 
0.4938  0.6168 
0.5062  0.5794 
0.5185  0.5701 
0.5309  0.5607 
0.5432  0.5327 
0.5556  0.5234 
0.5679  0.5140 
0.5802  0.5047 
0.5926  0.4953 
0.6049  0.4860 
0.6173  0.4766 
0.6296  0.4673 
0.6420  0.4579 
0.6543  0.4486 
0.6667  0.4393 
0.6790  0.4393 
0.6914  0.4299 
0.7037  0.4112 
0.7160  0.4019 
0.7284  0.3925 
0.7407  0.3832 
0.7531  0.3271 
0.7654  0.3178 
0.7778  0.3084 
0.7901  0.3084 
0.8025  0.2991 
0.8148  0.2804 
0.8272  0.2243 
0.8395  0.2150 
0.8519  0.1963 
0.8642  0.1869 
0.8765  0.1869 
0.8889  0.1776 
0.9012  0.1589 
0.9136  0.1028 
0.9259  0.0748 
0.9383  0.0374 
0.9506  0.0374 
0.9630  0.0374 
0.9753  0.0280 
0.9877  0.0093 
1.0000  0.0000 
