0.0000  1.0000 
0.0016  0.9986 
0.0033  0.9972 
0.0049  0.9958 
0.0066  0.9944 
0.0082  0.9930 
0.0099  0.9916 
0.0115  0.9902 
0.0131  0.9873 
0.0148  0.9859 
0.0164  0.9845 
0.0181  0.9831 
0.0197  0.9817 
0.0213  0.9803 
0.0230  0.9789 
0.0246  0.9775 
0.0263  0.9761 
0.0279  0.9747 
0.0296  0.9733 
0.0312  0.9719 
0.0328  0.9705 
0.0345  0.9691 
0.0361  0.9677 
0.0378  0.9662 
0.0394  0.9648 
0.0411  0.9634 
0.0427  0.9620 
0.0443  0.9606 
0.0460  0.9592 
0.0476  0.9578 
0.0493  0.9564 
0.0509  0.9550 
0.0525  0.9536 
0.0542  0.9522 
0.0558  0.9508 
0.0575  0.9494 
0.0591  0.9466 
0.0608  0.9451 
0.0624  0.9437 
0.0640  0.9437 
0.0657  0.9423 
0.0673  0.9409 
0.0690  0.9353 
0.0706  0.9339 
0.0722  0.9325 
0.0739  0.9311 
0.0755  0.9297 
0.0772  0.9283 
0.0788  0.9241 
0.0805  0.9226 
0.0821  0.9212 
0.0837  0.9198 
0.0854  0.9184 
0.0870  0.9170 
0.0887  0.9156 
0.0903  0.9142 
0.0920  0.9128 
0.0936  0.9114 
0.0952  0.9100 
0.0969  0.9086 
0.0985  0.9072 
0.1002  0.9058 
0.1018  0.9044 
0.1034  0.9030 
0.1051  0.9015 
0.1067  0.8917 
0.1084  0.8903 
0.1100  0.8889 
0.1117  0.8875 
0.1133  0.8861 
0.1149  0.8847 
0.1166  0.8819 
0.1182  0.8805 
0.1199  0.8790 
0.1215  0.8776 
0.1232  0.8762 
0.1248  0.8748 
0.1264  0.8734 
0.1281  0.8720 
0.1297  0.8706 
0.1314  0.8678 
0.1330  0.8664 
0.1346  0.8650 
0.1363  0.8636 
0.1379  0.8622 
0.1396  0.8608 
0.1412  0.8594 
0.1429  0.8579 
0.1445  0.8565 
0.1461  0.8551 
0.1478  0.8537 
0.1494  0.8523 
0.1511  0.8509 
0.1527  0.8495 
0.1544  0.8481 
0.1560  0.8467 
0.1576  0.8453 
0.1593  0.8439 
0.1609  0.8425 
0.1626  0.8383 
0.1642  0.8368 
0.1658  0.8354 
0.1675  0.8340 
0.1691  0.8326 
0.1708  0.8312 
0.1724  0.8298 
0.1741  0.8284 
0.1757  0.8270 
0.1773  0.8256 
0.1790  0.8242 
0.1806  0.8228 
0.1823  0.8214 
0.1839  0.8200 
0.1856  0.8186 
0.1872  0.8172 
0.1888  0.8158 
0.1905  0.8143 
0.1921  0.8129 
0.1938  0.8115 
0.1954  0.8101 
0.1970  0.8087 
0.1987  0.8073 
0.2003  0.8059 
0.2020  0.8045 
0.2036  0.8031 
0.2053  0.8017 
0.2069  0.8003 
0.2085  0.7989 
0.2102  0.7975 
0.2118  0.7961 
0.2135  0.7947 
0.2151  0.7932 
0.2167  0.7918 
0.2184  0.7904 
0.2200  0.7890 
0.2217  0.7876 
0.2233  0.7862 
0.2250  0.7862 
0.2266  0.7848 
0.2282  0.7834 
0.2299  0.7820 
0.2315  0.7806 
0.2332  0.7792 
0.2348  0.7778 
0.2365  0.7764 
0.2381  0.7750 
0.2397  0.7736 
0.2414  0.7722 
0.2430  0.7707 
0.2447  0.7693 
0.2463  0.7679 
0.2479  0.7665 
0.2496  0.7651 
0.2512  0.7637 
0.2529  0.7623 
0.2545  0.7609 
0.2562  0.7595 
0.2578  0.7581 
0.2594  0.7567 
0.2611  0.7553 
0.2627  0.7539 
0.2644  0.7525 
0.2660  0.7511 
0.2677  0.7496 
0.2693  0.7468 
0.2709  0.7454 
0.2726  0.7440 
0.2742  0.7426 
0.2759  0.7412 
0.2775  0.7398 
0.2791  0.7384 
0.2808  0.7370 
0.2824  0.7356 
0.2841  0.7342 
0.2857  0.7328 
0.2874  0.7314 
0.2890  0.7300 
0.2906  0.7286 
0.2923  0.7271 
0.2939  0.7257 
0.2956  0.7243 
0.2972  0.7229 
0.2989  0.7215 
0.3005  0.7201 
0.3021  0.7187 
0.3038  0.7173 
0.3054  0.7159 
0.3071  0.7145 
0.3087  0.7131 
0.3103  0.7117 
0.3120  0.7103 
0.3136  0.7103 
0.3153  0.7089 
0.3169  0.7075 
0.3186  0.7060 
0.3202  0.7046 
0.3218  0.7032 
0.3235  0.7018 
0.3251  0.7018 
0.3268  0.7004 
0.3284  0.6990 
0.3300  0.6976 
0.3317  0.6962 
0.3333  0.6948 
0.3350  0.6934 
0.3366  0.6920 
0.3383  0.6906 
0.3399  0.6892 
0.3415  0.6878 
0.3432  0.6864 
0.3448  0.6850 
0.3465  0.6835 
0.3481  0.6821 
0.3498  0.6807 
0.3514  0.6793 
0.3530  0.6779 
0.3547  0.6765 
0.3563  0.6751 
0.3580  0.6737 
0.3596  0.6723 
0.3612  0.6709 
0.3629  0.6695 
0.3645  0.6681 
0.3662  0.6667 
0.3678  0.6667 
0.3695  0.6653 
0.3711  0.6639 
0.3727  0.6624 
0.3744  0.6610 
0.3760  0.6596 
0.3777  0.6582 
0.3793  0.6568 
0.3810  0.6554 
0.3826  0.6540 
0.3842  0.6526 
0.3859  0.6512 
0.3875  0.6498 
0.3892  0.6484 
0.3908  0.6484 
0.3924  0.6470 
0.3941  0.6456 
0.3957  0.6442 
0.3974  0.6428 
0.3990  0.6414 
0.4007  0.6399 
0.4023  0.6385 
0.4039  0.6371 
0.4056  0.6357 
0.4072  0.6343 
0.4089  0.6329 
0.4105  0.6315 
0.4122  0.6301 
0.4138  0.6287 
0.4154  0.6273 
0.4171  0.6259 
0.4187  0.6203 
0.4204  0.6188 
0.4220  0.6174 
0.4236  0.6160 
0.4253  0.6146 
0.4269  0.6132 
0.4286  0.6118 
0.4302  0.6104 
0.4319  0.6090 
0.4335  0.6076 
0.4351  0.6062 
0.4368  0.6048 
0.4384  0.6034 
0.4401  0.6020 
0.4417  0.6006 
0.4433  0.5992 
0.4450  0.5977 
0.4466  0.5963 
0.4483  0.5949 
0.4499  0.5935 
0.4516  0.5921 
0.4532  0.5907 
0.4548  0.5893 
0.4565  0.5879 
0.4581  0.5865 
0.4598  0.5851 
0.4614  0.5837 
0.4631  0.5823 
0.4647  0.5809 
0.4663  0.5795 
0.4680  0.5781 
0.4696  0.5767 
0.4713  0.5752 
0.4729  0.5738 
0.4745  0.5724 
0.4762  0.5710 
0.4778  0.5696 
0.4795  0.5682 
0.4811  0.5668 
0.4828  0.5654 
0.4844  0.5640 
0.4860  0.5626 
0.4877  0.5598 
0.4893  0.5584 
0.4910  0.5570 
0.4926  0.5556 
0.4943  0.5541 
0.4959  0.5527 
0.4975  0.5513 
0.4992  0.5499 
0.5008  0.5485 
0.5025  0.5471 
0.5041  0.5457 
0.5057  0.5443 
0.5074  0.5429 
0.5090  0.5415 
0.5107  0.5401 
0.5123  0.5387 
0.5140  0.5373 
0.5156  0.5359 
0.5172  0.5345 
0.5189  0.5331 
0.5205  0.5316 
0.5222  0.5302 
0.5238  0.5288 
0.5255  0.5274 
0.5271  0.5260 
0.5287  0.5246 
0.5304  0.5204 
0.5320  0.5190 
0.5337  0.5176 
0.5353  0.5162 
0.5369  0.5148 
0.5386  0.5134 
0.5402  0.5120 
0.5419  0.5105 
0.5435  0.5091 
0.5452  0.5077 
0.5468  0.5063 
0.5484  0.5035 
0.5501  0.5007 
0.5517  0.5007 
0.5534  0.4993 
0.5550  0.4951 
0.5567  0.4937 
0.5583  0.4909 
0.5599  0.4895 
0.5616  0.4880 
0.5632  0.4866 
0.5649  0.4852 
0.5665  0.4838 
0.5681  0.4824 
0.5698  0.4810 
0.5714  0.4796 
0.5731  0.4782 
0.5747  0.4768 
0.5764  0.4754 
0.5780  0.4740 
0.5796  0.4726 
0.5813  0.4712 
0.5829  0.4698 
0.5846  0.4684 
0.5862  0.4655 
0.5878  0.4641 
0.5895  0.4627 
0.5911  0.4613 
0.5928  0.4599 
0.5944  0.4585 
0.5961  0.4571 
0.5977  0.4557 
0.5993  0.4543 
0.6010  0.4529 
0.6026  0.4515 
0.6043  0.4501 
0.6059  0.4487 
0.6076  0.4473 
0.6092  0.4459 
0.6108  0.4444 
0.6125  0.4430 
0.6141  0.4416 
0.6158  0.4402 
0.6174  0.4388 
0.6190  0.4374 
0.6207  0.4360 
0.6223  0.4346 
0.6240  0.4332 
0.6256  0.4318 
0.6273  0.4304 
0.6289  0.4290 
0.6305  0.4276 
0.6322  0.4262 
0.6338  0.4219 
0.6355  0.4205 
0.6371  0.4191 
0.6388  0.4177 
0.6404  0.4149 
0.6420  0.4135 
0.6437  0.4121 
0.6453  0.4107 
0.6470  0.4093 
0.6486  0.4079 
0.6502  0.4065 
0.6519  0.4051 
0.6535  0.4037 
0.6552  0.4023 
0.6568  0.4008 
0.6585  0.3994 
0.6601  0.3980 
0.6617  0.3966 
0.6634  0.3952 
0.6650  0.3882 
0.6667  0.3868 
0.6683  0.3840 
0.6700  0.3826 
0.6716  0.3812 
0.6732  0.3797 
0.6749  0.3783 
0.6765  0.3769 
0.6782  0.3755 
0.6798  0.3741 
0.6814  0.3727 
0.6831  0.3713 
0.6847  0.3699 
0.6864  0.3629 
0.6880  0.3615 
0.6897  0.3601 
0.6913  0.3586 
0.6929  0.3572 
0.6946  0.3558 
0.6962  0.3544 
0.6979  0.3530 
0.6995  0.3488 
0.7011  0.3474 
0.7028  0.3460 
0.7044  0.3446 
0.7061  0.3432 
0.7077  0.3418 
0.7094  0.3404 
0.7110  0.3390 
0.7126  0.3376 
0.7143  0.3376 
0.7159  0.3361 
0.7176  0.3347 
0.7192  0.3333 
0.7209  0.3319 
0.7225  0.3305 
0.7241  0.3263 
0.7258  0.3235 
0.7274  0.3221 
0.7291  0.3207 
0.7307  0.3193 
0.7323  0.3179 
0.7340  0.3165 
0.7356  0.3150 
0.7373  0.3136 
0.7389  0.3122 
0.7406  0.3108 
0.7422  0.3094 
0.7438  0.3080 
0.7455  0.3066 
0.7471  0.3052 
0.7488  0.3038 
0.7504  0.3024 
0.7521  0.3010 
0.7537  0.2996 
0.7553  0.2982 
0.7570  0.2982 
0.7586  0.2968 
0.7603  0.2954 
0.7619  0.2940 
0.7635  0.2925 
0.7652  0.2911 
0.7668  0.2897 
0.7685  0.2883 
0.7701  0.2869 
0.7718  0.2855 
0.7734  0.2757 
0.7750  0.2743 
0.7767  0.2714 
0.7783  0.2700 
0.7800  0.2686 
0.7816  0.2686 
0.7833  0.2672 
0.7849  0.2658 
0.7865  0.2644 
0.7882  0.2630 
0.7898  0.2616 
0.7915  0.2602 
0.7931  0.2588 
0.7947  0.2574 
0.7964  0.2560 
0.7980  0.2532 
0.7997  0.2518 
0.8013  0.2504 
0.8030  0.2447 
0.8046  0.2433 
0.8062  0.2419 
0.8079  0.2405 
0.8095  0.2391 
0.8112  0.2377 
0.8128  0.2363 
0.8144  0.2349 
0.8161  0.2335 
0.8177  0.2321 
0.8194  0.2307 
0.8210  0.2293 
0.8227  0.2278 
0.8243  0.2264 
0.8259  0.2250 
0.8276  0.2236 
0.8292  0.2222 
0.8309  0.2208 
0.8325  0.2194 
0.8342  0.2166 
0.8358  0.2166 
0.8374  0.2152 
0.8391  0.2138 
0.8407  0.2124 
0.8424  0.2096 
0.8440  0.2082 
0.8456  0.2068 
0.8473  0.2053 
0.8489  0.2039 
0.8506  0.2025 
0.8522  0.2025 
0.8539  0.2011 
0.8555  0.1997 
0.8571  0.1983 
0.8588  0.1941 
0.8604  0.1786 
0.8621  0.1744 
0.8637  0.1730 
0.8654  0.1716 
0.8670  0.1702 
0.8686  0.1688 
0.8703  0.1674 
0.8719  0.1660 
0.8736  0.1632 
0.8752  0.1617 
0.8768  0.1603 
0.8785  0.1603 
0.8801  0.1561 
0.8818  0.1547 
0.8834  0.1533 
0.8851  0.1505 
0.8867  0.1491 
0.8883  0.1477 
0.8900  0.1463 
0.8916  0.1463 
0.8933  0.1378 
0.8949  0.1364 
0.8966  0.1350 
0.8982  0.1336 
0.8998  0.1322 
0.9015  0.1294 
0.9031  0.1252 
0.9048  0.1224 
0.9064  0.1195 
0.9080  0.1167 
0.9097  0.1125 
0.9113  0.1125 
0.9130  0.1125 
0.9146  0.1125 
0.9163  0.1111 
0.9179  0.1097 
0.9195  0.1083 
0.9212  0.1069 
0.9228  0.1069 
0.9245  0.1055 
0.9261  0.1041 
0.9278  0.1041 
0.9294  0.1027 
0.9310  0.1027 
0.9327  0.1013 
0.9343  0.0999 
0.9360  0.0985 
0.9376  0.0970 
0.9392  0.0914 
0.9409  0.0900 
0.9425  0.0886 
0.9442  0.0872 
0.9458  0.0788 
0.9475  0.0703 
0.9491  0.0689 
0.9507  0.0675 
0.9524  0.0647 
0.9540  0.0633 
0.9557  0.0619 
0.9573  0.0605 
0.9589  0.0394 
0.9606  0.0380 
0.9622  0.0380 
0.9639  0.0380 
0.9655  0.0380 
0.9672  0.0380 
0.9688  0.0366 
0.9704  0.0352 
0.9721  0.0338 
0.9737  0.0281 
0.9754  0.0281 
0.9770  0.0113 
0.9787  0.0113 
0.9803  0.0113 
0.9819  0.0113 
0.9836  0.0098 
0.9852  0.0098 
0.9869  0.0084 
0.9885  0.0070 
0.9901  0.0070 
0.9918  0.0042 
0.9934  0.0042 
0.9951  0.0028 
0.9967  0.0028 
0.9984  0.0014 
1.0000  0.0000 
