0.0000  1.0000 
0.0034  0.9972 
0.0068  0.9945 
0.0102  0.9917 
0.0136  0.9890 
0.0170  0.9862 
0.0204  0.9807 
0.0238  0.9780 
0.0272  0.9669 
0.0306  0.9642 
0.0340  0.9614 
0.0374  0.9614 
0.0408  0.9587 
0.0442  0.9559 
0.0476  0.9532 
0.0510  0.9504 
0.0544  0.9477 
0.0578  0.9449 
0.0612  0.9394 
0.0646  0.9366 
0.0680  0.9339 
0.0714  0.9311 
0.0748  0.9311 
0.0782  0.9284 
0.0816  0.9256 
0.0850  0.9229 
0.0884  0.9201 
0.0918  0.9174 
0.0952  0.9146 
0.0986  0.9118 
0.1020  0.9091 
0.1054  0.9063 
0.1088  0.9036 
0.1122  0.9008 
0.1156  0.8981 
0.1190  0.8953 
0.1224  0.8926 
0.1259  0.8898 
0.1293  0.8871 
0.1327  0.8843 
0.1361  0.8815 
0.1395  0.8788 
0.1429  0.8760 
0.1463  0.8733 
0.1497  0.8705 
0.1531  0.8678 
0.1565  0.8650 
0.1599  0.8623 
0.1633  0.8595 
0.1667  0.8567 
0.1701  0.8540 
0.1735  0.8430 
0.1769  0.8375 
0.1803  0.8347 
0.1837  0.8320 
0.1871  0.8292 
0.1905  0.8264 
0.1939  0.8237 
0.1973  0.8209 
0.2007  0.8182 
0.2041  0.8154 
0.2075  0.8099 
0.2109  0.8072 
0.2143  0.8072 
0.2177  0.8044 
0.2211  0.8017 
0.2245  0.7989 
0.2279  0.7961 
0.2313  0.7961 
0.2347  0.7934 
0.2381  0.7906 
0.2415  0.7879 
0.2449  0.7851 
0.2483  0.7824 
0.2517  0.7796 
0.2551  0.7769 
0.2585  0.7741 
0.2619  0.7713 
0.2653  0.7686 
0.2687  0.7658 
0.2721  0.7631 
0.2755  0.7631 
0.2789  0.7603 
0.2823  0.7576 
0.2857  0.7548 
0.2891  0.7466 
0.2925  0.7355 
0.2959  0.7328 
0.2993  0.7300 
0.3027  0.7273 
0.3061  0.7135 
0.3095  0.7107 
0.3129  0.7080 
0.3163  0.7052 
0.3197  0.7025 
0.3231  0.6997 
0.3265  0.6970 
0.3299  0.6942 
0.3333  0.6942 
0.3367  0.6915 
0.3401  0.6887 
0.3435  0.6860 
0.3469  0.6832 
0.3503  0.6804 
0.3537  0.6777 
0.3571  0.6749 
0.3605  0.6722 
0.3639  0.6694 
0.3673  0.6667 
0.3707  0.6612 
0.3741  0.6584 
0.3776  0.6556 
0.3810  0.6529 
0.3844  0.6309 
0.3878  0.6281 
0.3912  0.6253 
0.3946  0.6226 
0.3980  0.6033 
0.4014  0.6006 
0.4048  0.5978 
0.4082  0.5950 
0.4116  0.5923 
0.4150  0.5895 
0.4184  0.5868 
0.4218  0.5840 
0.4252  0.5813 
0.4286  0.5758 
0.4320  0.5730 
0.4354  0.5730 
0.4388  0.5702 
0.4422  0.5675 
0.4456  0.5675 
0.4490  0.5537 
0.4524  0.5510 
0.4558  0.5482 
0.4592  0.5482 
0.4626  0.5482 
0.4660  0.5482 
0.4694  0.5455 
0.4728  0.5427 
0.4762  0.5427 
0.4796  0.5427 
0.4830  0.5399 
0.4864  0.5372 
0.4898  0.5344 
0.4932  0.5344 
0.4966  0.5317 
0.5000  0.5317 
0.5034  0.5289 
0.5068  0.5262 
0.5102  0.5124 
0.5136  0.5096 
0.5170  0.5069 
0.5204  0.5041 
0.5238  0.5014 
0.5272  0.4793 
0.5306  0.4738 
0.5340  0.4711 
0.5374  0.4683 
0.5408  0.4656 
0.5442  0.4656 
0.5476  0.4656 
0.5510  0.4601 
0.5544  0.4573 
0.5578  0.4545 
0.5612  0.4518 
0.5646  0.4435 
0.5680  0.4353 
0.5714  0.4325 
0.5748  0.4298 
0.5782  0.4270 
0.5816  0.4270 
0.5850  0.4270 
0.5884  0.4270 
0.5918  0.4215 
0.5952  0.4187 
0.5986  0.4187 
0.6020  0.4160 
0.6054  0.4132 
0.6088  0.4132 
0.6122  0.4132 
0.6156  0.4105 
0.6190  0.4077 
0.6224  0.4050 
0.6259  0.4022 
0.6293  0.4022 
0.6327  0.4022 
0.6361  0.3994 
0.6395  0.3939 
0.6429  0.3912 
0.6463  0.3857 
0.6497  0.3829 
0.6531  0.3802 
0.6565  0.3802 
0.6599  0.3802 
0.6633  0.3802 
0.6667  0.3719 
0.6701  0.3719 
0.6735  0.3691 
0.6769  0.3664 
0.6803  0.3636 
0.6837  0.3609 
0.6871  0.3581 
0.6905  0.3581 
0.6939  0.3581 
0.6973  0.3554 
0.7007  0.3526 
0.7041  0.3526 
0.7075  0.3333 
0.7109  0.3333 
0.7143  0.3306 
0.7177  0.3278 
0.7211  0.3278 
0.7245  0.3251 
0.7279  0.3251 
0.7313  0.3223 
0.7347  0.3196 
0.7381  0.3196 
0.7415  0.3168 
0.7449  0.3140 
0.7483  0.3140 
0.7517  0.3113 
0.7551  0.3030 
0.7585  0.2837 
0.7619  0.2810 
0.7653  0.2810 
0.7687  0.2727 
0.7721  0.2700 
0.7755  0.2672 
0.7789  0.2645 
0.7823  0.2645 
0.7857  0.2617 
0.7891  0.2534 
0.7925  0.2534 
0.7959  0.2507 
0.7993  0.2479 
0.8027  0.2452 
0.8061  0.2424 
0.8095  0.2287 
0.8129  0.2259 
0.8163  0.2231 
0.8197  0.2231 
0.8231  0.2204 
0.8265  0.2204 
0.8299  0.2176 
0.8333  0.2149 
0.8367  0.1956 
0.8401  0.1928 
0.8435  0.1928 
0.8469  0.1928 
0.8503  0.1570 
0.8537  0.1322 
0.8571  0.1322 
0.8605  0.1295 
0.8639  0.1295 
0.8673  0.1295 
0.8707  0.1295 
0.8741  0.1267 
0.8776  0.1267 
0.8810  0.1240 
0.8844  0.1212 
0.8878  0.1212 
0.8912  0.1212 
0.8946  0.0882 
0.8980  0.0882 
0.9014  0.0882 
0.9048  0.0854 
0.9082  0.0854 
0.9116  0.0854 
0.9150  0.0826 
0.9184  0.0826 
0.9218  0.0716 
0.9252  0.0716 
0.9286  0.0303 
0.9320  0.0303 
0.9354  0.0303 
0.9388  0.0303 
0.9422  0.0303 
0.9456  0.0303 
0.9490  0.0303 
0.9524  0.0248 
0.9558  0.0248 
0.9592  0.0248 
0.9626  0.0248 
0.9660  0.0248 
0.9694  0.0248 
0.9728  0.0248 
0.9762  0.0248 
0.9796  0.0248 
0.9830  0.0248 
0.9864  0.0248 
0.9898  0.0055 
0.9932  0.0055 
0.9966  0.0028 
1.0000  0.0000 
