0.0000  1.0000 
0.0051  0.9960 
0.0103  0.9920 
0.0154  0.9880 
0.0205  0.9841 
0.0256  0.9721 
0.0308  0.9681 
0.0359  0.9641 
0.0410  0.9602 
0.0462  0.9562 
0.0513  0.9522 
0.0564  0.9522 
0.0615  0.9482 
0.0667  0.9442 
0.0718  0.9402 
0.0769  0.9363 
0.0821  0.9323 
0.0872  0.9283 
0.0923  0.9203 
0.0974  0.9163 
0.1026  0.9084 
0.1077  0.9044 
0.1128  0.9004 
0.1179  0.8964 
0.1231  0.8924 
0.1282  0.8884 
0.1333  0.8725 
0.1385  0.8685 
0.1436  0.8645 
0.1487  0.8606 
0.1538  0.8566 
0.1590  0.8526 
0.1641  0.8486 
0.1692  0.8446 
0.1744  0.8406 
0.1795  0.8367 
0.1846  0.8327 
0.1897  0.8287 
0.1949  0.8247 
0.2000  0.8207 
0.2051  0.8167 
0.2103  0.8127 
0.2154  0.8088 
0.2205  0.8048 
0.2256  0.8008 
0.2308  0.7968 
0.2359  0.7928 
0.2410  0.7888 
0.2462  0.7849 
0.2513  0.7769 
0.2564  0.7729 
0.2615  0.7689 
0.2667  0.7649 
0.2718  0.7610 
0.2769  0.7570 
0.2821  0.7530 
0.2872  0.7490 
0.2923  0.7450 
0.2974  0.7410 
0.3026  0.7371 
0.3077  0.7331 
0.3128  0.7291 
0.3179  0.7251 
0.3231  0.7211 
0.3282  0.7171 
0.3333  0.7131 
0.3385  0.7092 
0.3436  0.7052 
0.3487  0.7012 
0.3538  0.6972 
0.3590  0.6932 
0.3641  0.6853 
0.3692  0.6813 
0.3744  0.6773 
0.3795  0.6733 
0.3846  0.6693 
0.3897  0.6653 
0.3949  0.6614 
0.4000  0.6574 
0.4051  0.6534 
0.4103  0.6494 
0.4154  0.6454 
0.4205  0.6414 
0.4256  0.6375 
0.4308  0.6335 
0.4359  0.6295 
0.4410  0.6255 
0.4462  0.6175 
0.4513  0.6135 
0.4564  0.6096 
0.4615  0.6016 
0.4667  0.5976 
0.4718  0.5936 
0.4769  0.5896 
0.4821  0.5857 
0.4872  0.5817 
0.4923  0.5777 
0.4974  0.5737 
0.5026  0.5697 
0.5077  0.5657 
0.5128  0.5618 
0.5179  0.5578 
0.5231  0.5538 
0.5282  0.5498 
0.5333  0.5458 
0.5385  0.5418 
0.5436  0.5378 
0.5487  0.5339 
0.5538  0.5299 
0.5590  0.5259 
0.5641  0.5219 
0.5692  0.5179 
0.5744  0.5139 
0.5795  0.5100 
0.5846  0.5060 
0.5897  0.4980 
0.5949  0.4861 
0.6000  0.4781 
0.6051  0.4741 
0.6103  0.4701 
0.6154  0.4661 
0.6205  0.4622 
0.6256  0.4582 
0.6308  0.4542 
0.6359  0.4502 
0.6410  0.4462 
0.6462  0.4422 
0.6513  0.4382 
0.6564  0.4343 
0.6615  0.4303 
0.6667  0.4263 
0.6718  0.4223 
0.6769  0.4183 
0.6821  0.4143 
0.6872  0.4104 
0.6923  0.4064 
0.6974  0.4024 
0.7026  0.3984 
0.7077  0.3944 
0.7128  0.3904 
0.7179  0.3865 
0.7231  0.3825 
0.7282  0.3785 
0.7333  0.3745 
0.7385  0.3745 
0.7436  0.3625 
0.7487  0.3586 
0.7538  0.3546 
0.7590  0.3506 
0.7641  0.3426 
0.7692  0.3426 
0.7744  0.3386 
0.7795  0.3347 
0.7846  0.3267 
0.7897  0.3227 
0.7949  0.3147 
0.8000  0.3108 
0.8051  0.3068 
0.8103  0.3028 
0.8154  0.2988 
0.8205  0.2948 
0.8256  0.2908 
0.8308  0.2869 
0.8359  0.2829 
0.8410  0.2789 
0.8462  0.2749 
0.8513  0.2709 
0.8564  0.2629 
0.8615  0.2590 
0.8667  0.2550 
0.8718  0.2191 
0.8769  0.2191 
0.8821  0.2191 
0.8872  0.2191 
0.8923  0.2151 
0.8974  0.2112 
0.9026  0.2072 
0.9077  0.1952 
0.9128  0.1793 
0.9179  0.1753 
0.9231  0.1713 
0.9282  0.1633 
0.9333  0.1594 
0.9385  0.1594 
0.9436  0.1514 
0.9487  0.1195 
0.9538  0.1155 
0.9590  0.1155 
0.9641  0.1076 
0.9692  0.0996 
0.9744  0.0956 
0.9795  0.0876 
0.9846  0.0239 
0.9897  0.0199 
0.9949  0.0040 
1.0000  0.0000 
