0.0000  1.0000 
0.0095  0.9930 
0.0190  0.9860 
0.0286  0.9790 
0.0381  0.9720 
0.0476  0.9650 
0.0571  0.9580 
0.0667  0.9510 
0.0762  0.9441 
0.0857  0.9371 
0.0952  0.9301 
0.1048  0.9231 
0.1143  0.9161 
0.1238  0.9091 
0.1333  0.9021 
0.1429  0.8951 
0.1524  0.8881 
0.1619  0.8811 
0.1714  0.8741 
0.1810  0.8671 
0.1905  0.8601 
0.2000  0.8531 
0.2095  0.8462 
0.2190  0.8392 
0.2286  0.8322 
0.2381  0.8252 
0.2476  0.8112 
0.2571  0.8042 
0.2667  0.7972 
0.2762  0.7902 
0.2857  0.7832 
0.2952  0.7762 
0.3048  0.7692 
0.3143  0.7622 
0.3238  0.7552 
0.3333  0.7483 
0.3429  0.7413 
0.3524  0.7343 
0.3619  0.7273 
0.3714  0.7203 
0.3810  0.7133 
0.3905  0.7063 
0.4000  0.6993 
0.4095  0.6923 
0.4190  0.6853 
0.4286  0.6783 
0.4381  0.6713 
0.4476  0.6643 
0.4571  0.6573 
0.4667  0.6503 
0.4762  0.6434 
0.4857  0.6364 
0.4952  0.6294 
0.5048  0.6014 
0.5143  0.5944 
0.5238  0.5874 
0.5333  0.5804 
0.5429  0.5734 
0.5524  0.5664 
0.5619  0.5524 
0.5714  0.5455 
0.5810  0.5385 
0.5905  0.5245 
0.6000  0.5175 
0.6095  0.5175 
0.6190  0.5105 
0.6286  0.5035 
0.6381  0.4965 
0.6476  0.4685 
0.6571  0.4615 
0.6667  0.4545 
0.6762  0.4476 
0.6857  0.4406 
0.6952  0.4266 
0.7048  0.4196 
0.7143  0.4126 
0.7238  0.4056 
0.7333  0.3986 
0.7429  0.3916 
0.7524  0.3846 
0.7619  0.3776 
0.7714  0.3706 
0.7810  0.3636 
0.7905  0.3636 
0.8000  0.3566 
0.8095  0.3497 
0.8190  0.3147 
0.8286  0.2657 
0.8381  0.2098 
0.8476  0.1818 
0.8571  0.1748 
0.8667  0.1678 
0.8762  0.1608 
0.8857  0.1469 
0.8952  0.1329 
0.9048  0.1189 
0.9143  0.1189 
0.9238  0.1049 
0.9333  0.1049 
0.9429  0.0909 
0.9524  0.0909 
0.9619  0.0769 
0.9714  0.0769 
0.9810  0.0140 
0.9905  0.0070 
1.0000  0.0000 
