0.0000  1.0000 
0.0072  0.9944 
0.0144  0.9888 
0.0216  0.9832 
0.0288  0.9777 
0.0360  0.9721 
0.0432  0.9665 
0.0504  0.9609 
0.0576  0.9553 
0.0647  0.9497 
0.0719  0.9441 
0.0791  0.9385 
0.0863  0.9330 
0.0935  0.9274 
0.1007  0.9218 
0.1079  0.9162 
0.1151  0.9106 
0.1223  0.9050 
0.1295  0.8994 
0.1367  0.8939 
0.1439  0.8827 
0.1511  0.8771 
0.1583  0.8715 
0.1655  0.8659 
0.1727  0.8603 
0.1799  0.8547 
0.1871  0.8492 
0.1942  0.8436 
0.2014  0.8380 
0.2086  0.8324 
0.2158  0.8268 
0.2230  0.8156 
0.2302  0.8101 
0.2374  0.8045 
0.2446  0.7877 
0.2518  0.7821 
0.2590  0.7765 
0.2662  0.7709 
0.2734  0.7598 
0.2806  0.7542 
0.2878  0.7486 
0.2950  0.7430 
0.3022  0.7374 
0.3094  0.7263 
0.3165  0.7207 
0.3237  0.7151 
0.3309  0.7095 
0.3381  0.7039 
0.3453  0.6983 
0.3525  0.6927 
0.3597  0.6872 
0.3669  0.6816 
0.3741  0.6760 
0.3813  0.6704 
0.3885  0.6648 
0.3957  0.6592 
0.4029  0.6536 
0.4101  0.6480 
0.4173  0.6425 
0.4245  0.6369 
0.4317  0.6313 
0.4388  0.6257 
0.4460  0.6089 
0.4532  0.6034 
0.4604  0.5978 
0.4676  0.5922 
0.4748  0.5866 
0.4820  0.5810 
0.4892  0.5754 
0.4964  0.5698 
0.5036  0.5642 
0.5108  0.5587 
0.5180  0.5419 
0.5252  0.5363 
0.5324  0.5307 
0.5396  0.5251 
0.5468  0.5196 
0.5540  0.5140 
0.5612  0.5084 
0.5683  0.5028 
0.5755  0.4916 
0.5827  0.4860 
0.5899  0.4804 
0.5971  0.4804 
0.6043  0.4749 
0.6115  0.4693 
0.6187  0.4637 
0.6259  0.4581 
0.6331  0.4525 
0.6403  0.4469 
0.6475  0.4413 
0.6547  0.4358 
0.6619  0.4302 
0.6691  0.4246 
0.6763  0.4190 
0.6835  0.4134 
0.6906  0.4022 
0.6978  0.3966 
0.7050  0.3911 
0.7122  0.3855 
0.7194  0.3743 
0.7266  0.3687 
0.7338  0.3631 
0.7410  0.3575 
0.7482  0.3408 
0.7554  0.3296 
0.7626  0.3240 
0.7698  0.3073 
0.7770  0.2905 
0.7842  0.2626 
0.7914  0.2570 
0.7986  0.2514 
0.8058  0.2346 
0.8129  0.2291 
0.8201  0.2235 
0.8273  0.2179 
0.8345  0.2123 
0.8417  0.2067 
0.8489  0.1844 
0.8561  0.1844 
0.8633  0.1788 
0.8705  0.1788 
0.8777  0.1732 
0.8849  0.1620 
0.8921  0.1564 
0.8993  0.1508 
0.9065  0.1453 
0.9137  0.1341 
0.9209  0.1285 
0.9281  0.1229 
0.9353  0.1006 
0.9424  0.0335 
0.9496  0.0335 
0.9568  0.0335 
0.9640  0.0335 
0.9712  0.0168 
0.9784  0.0168 
0.9856  0.0168 
0.9928  0.0056 
1.0000  0.0000 
