0.0000  1.0000 
0.0139  0.9889 
0.0278  0.9778 
0.0417  0.9556 
0.0556  0.9444 
0.0694  0.9333 
0.0833  0.9222 
0.0972  0.9111 
0.1111  0.9000 
0.1250  0.8889 
0.1389  0.8778 
0.1528  0.8667 
0.1667  0.8556 
0.1806  0.8444 
0.1944  0.8333 
0.2083  0.8222 
0.2222  0.8111 
0.2361  0.8000 
0.2500  0.7889 
0.2639  0.7778 
0.2778  0.7667 
0.2917  0.7556 
0.3056  0.7444 
0.3194  0.7333 
0.3333  0.7222 
0.3472  0.7111 
0.3611  0.7000 
0.3750  0.6222 
0.3889  0.6111 
0.4028  0.6000 
0.4167  0.5889 
0.4306  0.5778 
0.4444  0.5667 
0.4583  0.5556 
0.4722  0.5444 
0.4861  0.5333 
0.5000  0.5222 
0.5139  0.5111 
0.5278  0.5000 
0.5417  0.4889 
0.5556  0.4778 
0.5694  0.4667 
0.5833  0.4556 
0.5972  0.4444 
0.6111  0.4333 
0.6250  0.4111 
0.6389  0.3778 
0.6528  0.3667 
0.6667  0.3556 
0.6806  0.3444 
0.6944  0.3444 
0.7083  0.3444 
0.7222  0.3333 
0.7361  0.3222 
0.7500  0.3111 
0.7639  0.3000 
0.7778  0.2889 
0.7917  0.2778 
0.8056  0.2667 
0.8194  0.2556 
0.8333  0.2444 
0.8472  0.2333 
0.8611  0.2222 
0.8750  0.2000 
0.8889  0.1111 
0.9028  0.0778 
0.9167  0.0444 
0.9306  0.0333 
0.9444  0.0333 
0.9583  0.0333 
0.9722  0.0333 
0.9861  0.0111 
1.0000  0.0000 
