0.0000  1.0000 
0.0085  0.9940 
0.0169  0.9880 
0.0254  0.9819 
0.0339  0.9759 
0.0424  0.9699 
0.0508  0.9639 
0.0593  0.9578 
0.0678  0.9518 
0.0763  0.9458 
0.0847  0.9398 
0.0932  0.9337 
0.1017  0.9277 
0.1102  0.9217 
0.1186  0.9157 
0.1271  0.9096 
0.1356  0.9036 
0.1441  0.8976 
0.1525  0.8916 
0.1610  0.8795 
0.1695  0.8735 
0.1780  0.8675 
0.1864  0.8614 
0.1949  0.8554 
0.2034  0.8494 
0.2119  0.8434 
0.2203  0.8373 
0.2288  0.8253 
0.2373  0.7831 
0.2458  0.7651 
0.2542  0.7590 
0.2627  0.7590 
0.2712  0.7530 
0.2797  0.7410 
0.2881  0.7349 
0.2966  0.7289 
0.3051  0.7229 
0.3136  0.7169 
0.3220  0.7048 
0.3305  0.6988 
0.3390  0.6928 
0.3475  0.6867 
0.3559  0.6807 
0.3644  0.6747 
0.3729  0.6566 
0.3814  0.6506 
0.3898  0.6446 
0.3983  0.6325 
0.4068  0.6265 
0.4153  0.6205 
0.4237  0.5964 
0.4322  0.5904 
0.4407  0.5904 
0.4492  0.5843 
0.4576  0.5723 
0.4661  0.5663 
0.4746  0.5602 
0.4831  0.5542 
0.4915  0.5482 
0.5000  0.5361 
0.5085  0.5361 
0.5169  0.5301 
0.5254  0.5181 
0.5339  0.5120 
0.5424  0.5060 
0.5508  0.5060 
0.5593  0.5000 
0.5678  0.4940 
0.5763  0.4880 
0.5847  0.4819 
0.5932  0.4819 
0.6017  0.4759 
0.6102  0.4699 
0.6186  0.4578 
0.6271  0.4518 
0.6356  0.4458 
0.6441  0.4398 
0.6525  0.4157 
0.6610  0.4096 
0.6695  0.4036 
0.6780  0.3976 
0.6864  0.3916 
0.6949  0.3855 
0.7034  0.3795 
0.7119  0.3554 
0.7203  0.3494 
0.7288  0.3373 
0.7373  0.3313 
0.7458  0.3253 
0.7542  0.3253 
0.7627  0.3193 
0.7712  0.3193 
0.7797  0.3133 
0.7881  0.3072 
0.7966  0.3012 
0.8051  0.2952 
0.8136  0.2831 
0.8220  0.2771 
0.8305  0.2651 
0.8390  0.2410 
0.8475  0.2229 
0.8559  0.2169 
0.8644  0.2108 
0.8729  0.2048 
0.8814  0.1627 
0.8898  0.1506 
0.8983  0.1506 
0.9068  0.1446 
0.9153  0.1446 
0.9237  0.1205 
0.9322  0.1145 
0.9407  0.0482 
0.9492  0.0422 
0.9576  0.0422 
0.9661  0.0241 
0.9746  0.0181 
0.9831  0.0120 
0.9915  0.0060 
1.0000  0.0000 
