0.0000  1.0000 
0.0185  0.9933 
0.0370  0.5705 
0.0556  0.5570 
0.0741  0.5503 
0.0926  0.5503 
0.1111  0.5436 
0.1296  0.5369 
0.1481  0.5302 
0.1667  0.5235 
0.1852  0.5168 
0.2037  0.5101 
0.2222  0.5034 
0.2407  0.4966 
0.2593  0.4832 
0.2778  0.4698 
0.2963  0.4631 
0.3148  0.4564 
0.3333  0.4497 
0.3519  0.4362 
0.3704  0.4228 
0.3889  0.4161 
0.4074  0.4094 
0.4259  0.4027 
0.4444  0.3624 
0.4630  0.3557 
0.4815  0.3154 
0.5000  0.3087 
0.5185  0.2953 
0.5370  0.2953 
0.5556  0.2886 
0.5741  0.2819 
0.5926  0.2349 
0.6111  0.2282 
0.6296  0.1074 
0.6481  0.1074 
0.6667  0.1074 
0.6852  0.1074 
0.7037  0.1074 
0.7222  0.1074 
0.7407  0.1007 
0.7593  0.1007 
0.7778  0.0940 
0.7963  0.0403 
0.8148  0.0403 
0.8333  0.0403 
0.8519  0.0403 
0.8704  0.0403 
0.8889  0.0201 
0.9074  0.0201 
0.9259  0.0201 
0.9444  0.0134 
0.9630  0.0134 
0.9815  0.0067 
1.0000  0.0000 
