0.0000  1.0000 
0.0036  0.9972 
0.0073  0.9944 
0.0109  0.9917 
0.0145  0.9889 
0.0182  0.9861 
0.0218  0.9833 
0.0255  0.9806 
0.0291  0.9778 
0.0327  0.9750 
0.0364  0.9722 
0.0400  0.9694 
0.0436  0.9667 
0.0473  0.9667 
0.0509  0.9639 
0.0545  0.9611 
0.0582  0.9583 
0.0618  0.9556 
0.0655  0.9528 
0.0691  0.9500 
0.0727  0.9472 
0.0764  0.9444 
0.0800  0.9417 
0.0836  0.9389 
0.0873  0.9361 
0.0909  0.9333 
0.0945  0.9306 
0.0982  0.9278 
0.1018  0.9250 
0.1055  0.9222 
0.1091  0.9194 
0.1127  0.9167 
0.1164  0.9139 
0.1200  0.9111 
0.1236  0.9083 
0.1273  0.9056 
0.1309  0.9028 
0.1345  0.9000 
0.1382  0.8972 
0.1418  0.8944 
0.1455  0.8917 
0.1491  0.8889 
0.1527  0.8861 
0.1564  0.8833 
0.1600  0.8806 
0.1636  0.8778 
0.1673  0.8750 
0.1709  0.8722 
0.1745  0.8694 
0.1782  0.8667 
0.1818  0.8611 
0.1855  0.8583 
0.1891  0.8556 
0.1927  0.8528 
0.1964  0.8500 
0.2000  0.8472 
0.2036  0.8444 
0.2073  0.8417 
0.2109  0.8389 
0.2145  0.8361 
0.2182  0.8333 
0.2218  0.8306 
0.2255  0.8278 
0.2291  0.8250 
0.2327  0.8222 
0.2364  0.8194 
0.2400  0.8111 
0.2436  0.8083 
0.2473  0.8056 
0.2509  0.8028 
0.2545  0.8000 
0.2582  0.7972 
0.2618  0.7972 
0.2655  0.7944 
0.2691  0.7917 
0.2727  0.7889 
0.2764  0.7833 
0.2800  0.7806 
0.2836  0.7778 
0.2873  0.7750 
0.2909  0.7722 
0.2945  0.7694 
0.2982  0.7667 
0.3018  0.7639 
0.3055  0.7583 
0.3091  0.7556 
0.3127  0.7444 
0.3164  0.7389 
0.3200  0.7361 
0.3236  0.7306 
0.3273  0.7278 
0.3309  0.7250 
0.3345  0.7222 
0.3382  0.7194 
0.3418  0.7167 
0.3455  0.7139 
0.3491  0.7111 
0.3527  0.7000 
0.3564  0.6917 
0.3600  0.6833 
0.3636  0.6806 
0.3673  0.6778 
0.3709  0.6750 
0.3745  0.6722 
0.3782  0.6694 
0.3818  0.6667 
0.3855  0.6639 
0.3891  0.6611 
0.3927  0.6611 
0.3964  0.6583 
0.4000  0.6556 
0.4036  0.6528 
0.4073  0.6472 
0.4109  0.6444 
0.4145  0.6417 
0.4182  0.6389 
0.4218  0.6361 
0.4255  0.6333 
0.4291  0.6306 
0.4327  0.6278 
0.4364  0.6250 
0.4400  0.6222 
0.4436  0.6194 
0.4473  0.6167 
0.4509  0.6139 
0.4545  0.6111 
0.4582  0.6083 
0.4618  0.6056 
0.4655  0.5861 
0.4691  0.5833 
0.4727  0.5806 
0.4764  0.5778 
0.4800  0.5778 
0.4836  0.5750 
0.4873  0.5722 
0.4909  0.5694 
0.4945  0.5667 
0.4982  0.5639 
0.5018  0.5611 
0.5055  0.5583 
0.5091  0.5556 
0.5127  0.5528 
0.5164  0.5472 
0.5200  0.5444 
0.5236  0.5417 
0.5273  0.5389 
0.5309  0.5361 
0.5345  0.5250 
0.5382  0.5222 
0.5418  0.5194 
0.5455  0.5167 
0.5491  0.5139 
0.5527  0.5111 
0.5564  0.5083 
0.5600  0.4944 
0.5636  0.4917 
0.5673  0.4889 
0.5709  0.4861 
0.5745  0.4833 
0.5782  0.4833 
0.5818  0.4806 
0.5855  0.4778 
0.5891  0.4750 
0.5927  0.4722 
0.5964  0.4694 
0.6000  0.4667 
0.6036  0.4639 
0.6073  0.4583 
0.6109  0.4556 
0.6145  0.4528 
0.6182  0.4472 
0.6218  0.4444 
0.6255  0.4333 
0.6291  0.4306 
0.6327  0.4306 
0.6364  0.4278 
0.6400  0.4222 
0.6436  0.4194 
0.6473  0.4167 
0.6509  0.4139 
0.6545  0.4028 
0.6582  0.4000 
0.6618  0.3972 
0.6655  0.3944 
0.6691  0.3889 
0.6727  0.3861 
0.6764  0.3833 
0.6800  0.3806 
0.6836  0.3778 
0.6873  0.3722 
0.6909  0.3667 
0.6945  0.3611 
0.6982  0.3583 
0.7018  0.3556 
0.7055  0.3528 
0.7091  0.3472 
0.7127  0.3444 
0.7164  0.3417 
0.7200  0.3389 
0.7236  0.3361 
0.7273  0.3333 
0.7309  0.3250 
0.7345  0.3222 
0.7382  0.3139 
0.7418  0.3111 
0.7455  0.3056 
0.7491  0.3056 
0.7527  0.3028 
0.7564  0.3000 
0.7600  0.2972 
0.7636  0.2944 
0.7673  0.2917 
0.7709  0.2889 
0.7745  0.2861 
0.7782  0.2833 
0.7818  0.2750 
0.7855  0.2722 
0.7891  0.2694 
0.7927  0.2667 
0.7964  0.2667 
0.8000  0.2639 
0.8036  0.2611 
0.8073  0.2583 
0.8109  0.2333 
0.8145  0.2167 
0.8182  0.2139 
0.8218  0.1944 
0.8255  0.1917 
0.8291  0.1889 
0.8327  0.1861 
0.8364  0.1750 
0.8400  0.1694 
0.8436  0.1667 
0.8473  0.1639 
0.8509  0.1583 
0.8545  0.1556 
0.8582  0.1556 
0.8618  0.1528 
0.8655  0.1528 
0.8691  0.1500 
0.8727  0.1500 
0.8764  0.1500 
0.8800  0.1500 
0.8836  0.1472 
0.8873  0.1444 
0.8909  0.1417 
0.8945  0.1389 
0.8982  0.1333 
0.9018  0.1278 
0.9055  0.1250 
0.9091  0.1250 
0.9127  0.1111 
0.9164  0.1111 
0.9200  0.1111 
0.9236  0.1083 
0.9273  0.1083 
0.9309  0.1000 
0.9345  0.1000 
0.9382  0.0861 
0.9418  0.0833 
0.9455  0.0833 
0.9491  0.0806 
0.9527  0.0750 
0.9564  0.0722 
0.9600  0.0722 
0.9636  0.0722 
0.9673  0.0694 
0.9709  0.0667 
0.9745  0.0667 
0.9782  0.0611 
0.9818  0.0361 
0.9855  0.0361 
0.9891  0.0361 
0.9927  0.0361 
0.9964  0.0028 
1.0000  0.0000 
