0.0000  1.0000 
0.0312  0.9811 
0.0625  0.9623 
0.0938  0.9434 
0.1250  0.9245 
0.1562  0.9057 
0.1875  0.8868 
0.2188  0.8679 
0.2500  0.8491 
0.2812  0.7358 
0.3125  0.7358 
0.3438  0.6981 
0.3750  0.6792 
0.4062  0.6604 
0.4375  0.6226 
0.4688  0.6038 
0.5000  0.5660 
0.5312  0.5472 
0.5625  0.4717 
0.5938  0.4528 
0.6250  0.4340 
0.6562  0.4340 
0.6875  0.3774 
0.7188  0.1509 
0.7500  0.1321 
0.7812  0.1321 
0.8125  0.1321 
0.8438  0.1321 
0.8750  0.0566 
0.9062  0.0377 
0.9375  0.0377 
0.9688  0.0189 
1.0000  0.0000 
