0.0000  1.0000 
0.0303  0.9825 
0.0606  0.9649 
0.0909  0.9474 
0.1212  0.9298 
0.1515  0.9123 
0.1818  0.8947 
0.2121  0.8772 
0.2424  0.8596 
0.2727  0.8421 
0.3030  0.8070 
0.3333  0.7895 
0.3636  0.7544 
0.3939  0.7368 
0.4242  0.7193 
0.4545  0.7018 
0.4848  0.5789 
0.5152  0.5614 
0.5455  0.5439 
0.5758  0.5263 
0.6061  0.5088 
0.6364  0.4912 
0.6667  0.4561 
0.6970  0.4035 
0.7273  0.3860 
0.7576  0.3684 
0.7879  0.3158 
0.8182  0.2982 
0.8485  0.1754 
0.8788  0.0526 
0.9091  0.0526 
0.9394  0.0351 
0.9697  0.0175 
1.0000  0.0000 
