0.0000  1.0000 
0.0164  0.9881 
0.0328  0.9762 
0.0492  0.9643 
0.0656  0.9524 
0.0820  0.9405 
0.0984  0.9286 
0.1148  0.9167 
0.1311  0.9048 
0.1475  0.8929 
0.1639  0.8810 
0.1803  0.8690 
0.1967  0.8571 
0.2131  0.8452 
0.2295  0.8333 
0.2459  0.8214 
0.2623  0.8095 
0.2787  0.7976 
0.2951  0.7857 
0.3115  0.7738 
0.3279  0.7619 
0.3443  0.7500 
0.3607  0.7381 
0.3770  0.7262 
0.3934  0.7143 
0.4098  0.7024 
0.4262  0.6905 
0.4426  0.6786 
0.4590  0.6667 
0.4754  0.6548 
0.4918  0.6429 
0.5082  0.6310 
0.5246  0.6190 
0.5410  0.6071 
0.5574  0.5952 
0.5738  0.5833 
0.5902  0.5714 
0.6066  0.5595 
0.6230  0.5476 
0.6393  0.5357 
0.6557  0.5238 
0.6721  0.5119 
0.6885  0.5000 
0.7049  0.4881 
0.7213  0.4762 
0.7377  0.4643 
0.7541  0.4524 
0.7705  0.4405 
0.7869  0.4286 
0.8033  0.4048 
0.8197  0.3929 
0.8361  0.3810 
0.8525  0.3690 
0.8689  0.3571 
0.8852  0.3452 
0.9016  0.3214 
0.9180  0.3095 
0.9344  0.2976 
0.9508  0.2857 
0.9672  0.1548 
0.9836  0.0119 
1.0000  0.0000 
