0.0000  1.0000 
0.0250  0.9951 
0.0500  0.9903 
0.0750  0.9854 
0.1000  0.9757 
0.1250  0.9563 
0.1500  0.9515 
0.1750  0.9466 
0.2000  0.8883 
0.2250  0.8835 
0.2500  0.8786 
0.2750  0.8738 
0.3000  0.8689 
0.3250  0.8641 
0.3500  0.8592 
0.3750  0.8544 
0.4000  0.7379 
0.4250  0.7136 
0.4500  0.7087 
0.4750  0.6942 
0.5000  0.6893 
0.5250  0.6845 
0.5500  0.6553 
0.5750  0.6456 
0.6000  0.5388 
0.6250  0.5340 
0.6500  0.5243 
0.6750  0.5146 
0.7000  0.5049 
0.7250  0.5000 
0.7500  0.4417 
0.7750  0.3495 
0.8000  0.3447 
0.8250  0.3398 
0.8500  0.3252 
0.8750  0.2184 
0.9000  0.1990 
0.9250  0.0874 
0.9500  0.0534 
0.9750  0.0049 
1.0000  0.0000 
