0.0000  1.0000 
0.0091  0.9968 
0.0182  0.9905 
0.0273  0.9873 
0.0364  0.9842 
0.0455  0.9810 
0.0545  0.9747 
0.0636  0.9715 
0.0727  0.9684 
0.0818  0.9652 
0.0909  0.9620 
0.1000  0.9557 
0.1091  0.9494 
0.1182  0.9335 
0.1273  0.9304 
0.1364  0.9272 
0.1455  0.9082 
0.1545  0.8987 
0.1636  0.8956 
0.1727  0.8924 
0.1818  0.8861 
0.1909  0.8829 
0.2000  0.8797 
0.2091  0.8734 
0.2182  0.8703 
0.2273  0.8671 
0.2364  0.8639 
0.2455  0.8386 
0.2545  0.8354 
0.2636  0.8323 
0.2727  0.8291 
0.2818  0.8259 
0.2909  0.8228 
0.3000  0.8196 
0.3091  0.8165 
0.3182  0.8133 
0.3273  0.8070 
0.3364  0.8006 
0.3455  0.7975 
0.3545  0.7911 
0.3636  0.7880 
0.3727  0.7848 
0.3818  0.7816 
0.3909  0.7690 
0.4000  0.7658 
0.4091  0.7563 
0.4182  0.7500 
0.4273  0.7468 
0.4364  0.7437 
0.4455  0.7373 
0.4545  0.7342 
0.4636  0.7310 
0.4727  0.7247 
0.4818  0.7215 
0.4909  0.7184 
0.5000  0.7152 
0.5091  0.7089 
0.5182  0.7057 
0.5273  0.6994 
0.5364  0.6962 
0.5455  0.6930 
0.5545  0.6899 
0.5636  0.6867 
0.5727  0.6804 
0.5818  0.6677 
0.5909  0.6646 
0.6000  0.6614 
0.6091  0.6582 
0.6182  0.6519 
0.6273  0.6487 
0.6364  0.6456 
0.6455  0.6424 
0.6545  0.6392 
0.6636  0.6297 
0.6727  0.6297 
0.6818  0.6076 
0.6909  0.6013 
0.7000  0.5886 
0.7091  0.5854 
0.7182  0.5570 
0.7273  0.5506 
0.7364  0.5380 
0.7455  0.5316 
0.7545  0.5285 
0.7636  0.5253 
0.7727  0.5222 
0.7818  0.5127 
0.7909  0.5095 
0.8000  0.5063 
0.8091  0.5032 
0.8182  0.4937 
0.8273  0.4937 
0.8364  0.4905 
0.8455  0.4494 
0.8545  0.4462 
0.8636  0.4462 
0.8727  0.4430 
0.8818  0.3703 
0.8909  0.3608 
0.9000  0.3165 
0.9091  0.2089 
0.9182  0.2089 
0.9273  0.2057 
0.9364  0.2025 
0.9455  0.1867 
0.9545  0.1804 
0.9636  0.1646 
0.9727  0.1171 
0.9818  0.0759 
0.9909  0.0032 
1.0000  0.0000 
