0.0000  1.0000 
0.0091  0.9873 
0.0182  0.9713 
0.0273  0.9586 
0.0364  0.9522 
0.0455  0.9363 
0.0545  0.9108 
0.0636  0.8981 
0.0727  0.8790 
0.0818  0.8758 
0.0909  0.8694 
0.1000  0.8567 
0.1091  0.8471 
0.1182  0.8344 
0.1273  0.8217 
0.1364  0.8057 
0.1455  0.7866 
0.1545  0.7803 
0.1636  0.7675 
0.1727  0.7611 
0.1818  0.7484 
0.1909  0.7389 
0.2000  0.7357 
0.2091  0.7261 
0.2182  0.7134 
0.2273  0.7006 
0.2364  0.6783 
0.2455  0.6752 
0.2545  0.6656 
0.2636  0.6497 
0.2727  0.6274 
0.2818  0.6146 
0.2909  0.6051 
0.3000  0.5796 
0.3091  0.5669 
0.3182  0.5541 
0.3273  0.5350 
0.3364  0.5255 
0.3455  0.5159 
0.3545  0.4968 
0.3636  0.4936 
0.3727  0.4809 
0.3818  0.4713 
0.3909  0.4618 
0.4000  0.4522 
0.4091  0.4427 
0.4182  0.4268 
0.4273  0.4140 
0.4364  0.4045 
0.4455  0.3599 
0.4545  0.3471 
0.4636  0.3312 
0.4727  0.3248 
0.4818  0.3153 
0.4909  0.3057 
0.5000  0.2962 
0.5091  0.2866 
0.5182  0.2739 
0.5273  0.2675 
0.5364  0.2389 
0.5455  0.2006 
0.5545  0.1529 
0.5636  0.1433 
0.5727  0.1433 
0.5818  0.1433 
0.5909  0.0924 
0.6000  0.0924 
0.6091  0.0669 
0.6182  0.0669 
0.6273  0.0669 
0.6364  0.0669 
0.6455  0.0573 
0.6545  0.0573 
0.6636  0.0573 
0.6727  0.0573 
0.6818  0.0573 
0.6909  0.0350 
0.7000  0.0255 
0.7091  0.0223 
0.7182  0.0223 
0.7273  0.0223 
0.7364  0.0223 
0.7455  0.0223 
0.7545  0.0159 
0.7636  0.0127 
0.7727  0.0127 
0.7818  0.0096 
0.7909  0.0096 
0.8000  0.0096 
0.8091  0.0096 
0.8182  0.0096 
0.8273  0.0096 
0.8364  0.0096 
0.8455  0.0096 
0.8545  0.0096 
0.8636  0.0096 
0.8727  0.0096 
0.8818  0.0096 
0.8909  0.0096 
0.9000  0.0096 
0.9091  0.0064 
0.9182  0.0064 
0.9273  0.0064 
0.9364  0.0064 
0.9455  0.0064 
0.9545  0.0064 
0.9636  0.0064 
0.9727  0.0064 
0.9818  0.0064 
0.9909  0.0032 
1.0000  0.0000 
