	NoOrder	MR	Krisk	Kdegree	Degree	eigenc
PL_001	0.6426696886556126	0.31214174048983856	0.4125846795205837	0.41089108910891087	0.395245080063562	0.4536731450922869
PL_002	0.7211119186046511	0.3588033536585366	0.4605564024390244	0.4631696428571428	0.45089285714285715	0.4854910714285714
PL_003	0.6511111111111112	0.28962962962962957	0.3622222222222222	0.3074074074074074	0.3222222222222222	0.3562962962962963
PL_004	0.8946078431372548	0.2820855614973263	0.6184640522875817	0.6723856209150326	0.6715686274509803	0.790032679738562
PL_005	0.7889393939393939	0.27551257253384914	0.4891674641148326	0.5204401913875598	0.486066985645933	0.5573397129186604
PL_006	0.7827868852459018	0.24897540983606553	0.47233606557377045	0.4887295081967213	0.4549180327868852	0.5420081967213115
PL_007	0.7621527777777777	0.3293650793650793	0.4801587301587302	0.487962962962963	0.475	0.5768518518518517
PL_008	0.8839712918660289	0.5251196172248804	0.7117224880382775	0.7093301435406699	0.728468899521531	0.7212918660287081
PL_009	0.8403954802259886	0.3583271923360353	0.6624293785310733	0.6288841807909604	0.6504237288135595	0.6857344632768362
PL_010	0.9204159592529711	0.6003820033955856	0.7009762308998302	0.7047962648556876	0.6992784380305602	0.7149830220713073
PL_011	0.6648351648351648	0.38757396449704146	0.4289940828402367	0.3994082840236687	0.3994082840236687	0.4289940828402367
PL_012	0.6968652037617554	0.27163636363636373	0.388	0.33896103896103896	0.3480519480519481	0.36038961038961037
PL_013	0.8125	0.43526785714285715	0.7678571428571428	0.7924107142857142	0.7509920634920634	0.7212301587301586
PL_014	0.6966490299823633	0.2725546058879392	0.5360873694207028	0.5607787274453941	0.48765432098765427	0.6980056980056979
PL_015	0.9341918254131996	0.3791753291753292	0.6721067221067221	0.6579810579810579	0.6648879648879649	0.6858974358974359
PL_016	0.9237215298667814	0.36405959031657353	0.7257914338919926	0.6959604641168887	0.6774817361409542	0.7107864202836269
PL_017	0.8569620253164557	0.3702531645569621	0.4974683544303797	0.519240506329114	0.49898734177215187	0.5531645569620253
PL_018	0.8821733821733821	0.44511278195488724	0.6285714285714286	0.624812030075188	0.6295739348370927	0.650375939849624
PL_019	0.8494117647058824	0.3473604826546003	0.544947209653092	0.5358974358974359	0.5298642533936652	0.565761689291101
PL_020	0.6467032967032966	0.2673992673992674	0.5695970695970696	0.5412087912087911	0.489010989010989	0.6005494505494504
PL_021	0.8106789812845943	0.17612251072235768	0.5194871064761261	0.50859568258262	0.48032224655766653	0.6207330335838459
PL_022	0.6756613756613756	0.2511111111111111	0.5055555555555555	0.4988888888888888	0.4322222222222222	0.7444444444444445
PL_023	0.7285628019323672	0.228505291005291	0.5057367149758454	0.7044082125603864	0.4682971014492754	0.8070652173913042
PL_024	0.5328282828282828	0.4111111111111111	0.5555555555555555	0.5444444444444444	0.5333333333333333	0.5444444444444444
PL_025	0.8085664335664335	0.43444055944055954	0.590034965034965	0.6652097902097903	0.5865384615384615	0.6791958041958043
PL_026	0.4822751322751323	0.2137509850275808	0.3114657210401891	0.3804176516942474	0.28073286052009455	0.40524034672970843
PL_027	0.7601851851851851	0.44656862745098036	0.6768518518518518	0.6185185185185185	0.6925925925925924	0.6185185185185186
PL_028	0.83883137392525	0.32661870503597124	0.537410071942446	0.6176258992805755	0.564748201438849	0.6620503597122303
PL_029	0.7780179868557591	0.31073446327683624	0.4957627118644068	0.4859045313040471	0.4865963334486336	0.6197682462815634
PL_030	0.743935309973046	0.3948787061994609	0.6246630727762802	0.6051212938005391	0.5714285714285714	0.6307277628032346
PL_031	0.6696428571428572	0.3314108251996451	0.3932823129251701	0.3843537414965986	0.40093537414965985	0.41284013605442177
PL_032	0.8073593073593074	0.38888888888888884	0.525974025974026	0.6341991341991342	0.5303030303030303	0.6255411255411256
PL_033	0.8563348416289593	0.6640271493212669	0.6753393665158371	0.6753393665158371	0.6730769230769231	0.6798642533936652
PL_034	0.821814903846154	0.24969951923076922	0.4705528846153847	0.43719951923076916	0.45432692307692313	0.5204326923076924
PL_035	0.58948087431694	0.3121069182389937	0.36818658280922434	0.38810272536687634	0.35770440251572333	0.4085429769392033
PL_036	0.6416666666666666	0.4305555555555556	0.513888888888889	0.46666666666666673	0.4583333333333333	0.47500000000000003
PL_037	0.8325	0.5152777777777777	0.715	0.6625	0.7175	0.64
PL_038	0.8273809523809523	0.4702380952380952	0.7470238095238094	0.6934523809523809	0.761904761904762	0.7410714285714285
PL_039	0.8183391003460208	0.3454440599769319	0.5461361014994234	0.4999999999999999	0.5438292964244521	0.5046136101499424
PL_040	0.7237369687249398	0.29401993355481726	0.43424218123496383	0.47009966777408635	0.42275747508305644	0.6226944667201282
PL_041	0.6552888222055514	0.39784053156146176	0.5265780730897011	0.5556478405315615	0.5257475083056479	0.5565891472868217
PL_042	0.375	0.3452380952380952	0.369047619047619	0.369047619047619	0.3452380952380952	0.369047619047619
PL_043	0.8253484320557491	0.44136960600375236	0.6205440900562852	0.6122402890695574	0.6307588075880758	0.6429539295392953
PL_044	0.758217644424541	0.24007807417046192	0.5923155722269926	0.5701746529332736	0.5729511867442902	0.6721301686818928
PL_045	0.7658371040723982	0.3324175824175824	0.40625	0.40384615384615385	0.4206730769230769	0.40625
PL_046	0.9105113636363636	0.6576704545454547	0.7329545454545455	0.7528409090909091	0.7414772727272728	0.7642045454545455
PL_047	0.9036502546689305	0.30913978494623656	0.6062535370684776	0.6532258064516128	0.6436049801924165	0.7143463497453311
PL_048	0.8562146892655368	0.3336499123319696	0.631638418079096	0.6601694915254237	0.6631355932203389	0.6887005649717515
PL_049	0.8597597597597597	0.3219753086419754	0.688395061728395	0.678018018018018	0.697037037037037	0.7756756756756757
PL_050	0.7489795918367348	0.3976190476190476	0.5714285714285714	0.5	0.45714285714285713	0.5918367346938775
PL_051	0.8936507936507936	0.3115384615384615	0.626984126984127	0.7095238095238096	0.526984126984127	0.7007936507936509
PL_052	0.6504273504273502	0.412087912087912	0.6008547008547007	0.6538461538461537	0.6025641025641024	0.676068376068376
PL_053	0.7278217409412744	0.2509566326530612	0.4975907029478458	0.45779220779220775	0.5114795918367346	0.5046897546897546
PL_054	0.7221513966796986	0.25680388793596337	0.5103773584905661	0.5138140161725067	0.49002287021154944	0.5835298742138365
PL_055	0.7568910256410257	0.292854140395124	0.5424908424908425	0.5810424548129467	0.5728877679697352	0.6377889869693149
PL_056	0.8194640975462893	0.2696475296290596	0.5808988764044944	0.5535631830075419	0.5692627366476835	0.5885142255005269
PL_057	0.8270648308199717	0.20191495933285286	0.544810382296226	0.5225705827422463	0.5240478303898463	0.5576284993344062
PL_058	0.7866512345679012	0.41676622859418555	0.5545599362803664	0.5589406610911987	0.551373954599761	0.5772600557546793
PL_059	0.547337278106509	0.363905325443787	0.3520710059171598	0.3520710059171598	0.3698224852071006	0.37573964497041423
SD_001	0.7925170068027211	0.45918367346938777	0.5612244897959184	0.5136054421768708	0.5272108843537414	0.5068027210884354
SD_002	0.5714285714285714	0.49999999999999994	0.5	0.5	0.4841269841269841	0.5
SD_003	0.53125	0.3050595238095238	0.33482142857142855	0.31657608695652173	0.29483695652173914	0.31657608695652173
SD_004	0.7367647058823529	0.2120967741935484	0.23951612903225808	0.23951612903225805	0.23790322580645162	0.24758064516129027
SD_005	0.5769230769230769	0.2655677655677655	0.3681318681318681	0.34615384615384615	0.27289377289377287	0.3974358974358974
SD_006	0.6079365079365079	0.3078431372549019	0.3470588235294118	0.34705882352941175	0.3509803921568627	0.35882352941176476
SD_007	0.3209255533199195	0.25283446712018137	0.25283446712018137	0.25283446712018137	0.25283446712018137	0.25283446712018137
SD_008	0.7749999999999999	0.6875	0.6812499999999999	0.7124999999999999	0.7062499999999999	0.71875
SD_009	0.7261904761904763	0.41666666666666663	0.5277777777777777	0.49603174603174605	0.5277777777777777	0.6388888888888888
SD_010	0.7157142857142856	0.4928571428571428	0.4985714285714286	0.5271428571428572	0.5128571428571429	0.5314285714285716
SD_011	0.7694805194805195	0.5285714285714285	0.5928571428571427	0.5422077922077922	0.5422077922077922	0.5422077922077922
SD_012	0.6773399014778325	0.39116379310344823	0.4148706896551724	0.4321120689655172	0.4267241379310344	0.43318965517241376
SD_013	0.7541353383458645	0.4834586466165413	0.5628654970760233	0.675438596491228	0.5964912280701753	0.6461988304093567
SD_014	0.8897058823529411	0.5220588235294118	0.5514705882352942	0.5404411764705883	0.5514705882352942	0.5404411764705883
SD_015	0.9148148148148147	0.7444444444444445	0.8703703703703703	0.8629629629629629	0.8703703703703703	0.8555555555555556
SD_016	0.9275956284153006	0.6318306010928962	0.6741803278688525	0.6823770491803278	0.6851092896174864	0.6871584699453552
SD_017	0.734375	0.640625	0.671875	0.6875	0.65625	0.6875
SD_018	0.6395089285714286	0.34134615384615385	0.5480769230769231	0.4807692307692307	0.45552884615384615	0.5360576923076923
SD_019	0.6392751479289941	0.3185064935064935	0.3448051948051948	0.36022727272727273	0.3501623376623377	0.38490259740259736
SD_020	0.7472727272727272	0.31554677206851117	0.3405797101449275	0.36297760210803687	0.3484848484848485	0.37220026350461133
SD_021	0.7757936507936508	0.4254201680672269	0.4384920634920635	0.4674369747899159	0.4611344537815125	0.4737394957983193
SD_022	0.6896574440052702	0.3516651665166517	0.373370288248337	0.38862527716186246	0.38197339246119727	0.4283592017738359
SD_023	0.6708333333333334	0.3875	0.4	0.3875	0.3875	0.3875
SD_024	0.6666666666666666	0.5129870129870129	0.5259740259740259	0.5357142857142856	0.4880952380952381	0.5357142857142856
SD_025	0.6309523809523809	0.4722222222222222	0.5555555555555556	0.5555555555555556	0.5	0.5555555555555556
SD_026	0.5	0.3333333333333333	0.3333333333333333	0.3333333333333333	0.3333333333333333	0.3333333333333333
SD_027	0.47500000000000003	0.47500000000000003	0.47500000000000003	0.47500000000000003	0.47500000000000003	0.47500000000000003
SD_028	0.65	0.44285714285714284	0.44285714285714284	0.44285714285714284	0.44285714285714284	0.44285714285714284
SD_029	0.6000000000000001	0.5	0.5	0.5	0.5	0.5
SD_030	0.375	0.4583333333333333	0.4583333333333333	0.4583333333333333	0.4583333333333333	0.4583333333333333
