	NoOrder	MR	Krisk	Kdegree	Degree	eigenc
PL_001	0.634016973125884	0.31214174048983856	0.41310578426263683	0.41162449578291166	0.3879110133235546	0.4535509106466201
PL_002	0.7981468023255813	0.3588033536585366	0.45522103658536583	0.4650297619047619	0.4683779761904763	0.48586309523809523
PL_003	0.6022222222222222	0.28962962962962957	0.3414814814814815	0.3088888888888889	0.32814814814814813	0.3562962962962963
PL_004	0.7973856209150326	0.2820855614973263	0.6748366013071896	0.6756535947712419	0.6568627450980391	0.790032679738562
PL_005	0.7544696969696969	0.27551257253384914	0.48082296650717704	0.5199425837320575	0.47864114832535887	0.5573397129186604
PL_006	0.7343297974927676	0.24897540983606553	0.4620901639344262	0.48770491803278687	0.4282786885245901	0.5420081967213115
PL_007	0.6686507936507935	0.3293650793650793	0.503968253968254	0.4935185185185185	0.5009259259259259	0.5768518518518517
PL_008	0.8863636363636364	0.5251196172248804	0.7380382775119617	0.7093301435406699	0.7069377990430622	0.7212918660287081
PL_009	0.8721751412429379	0.3583271923360353	0.6924435028248588	0.6320621468926553	0.6627824858757063	0.6857344632768362
PL_010	0.8983446519524617	0.6003820033955856	0.7039473684210527	0.7043718166383701	0.7047962648556876	0.7149830220713073
PL_011	0.5989010989010988	0.38757396449704146	0.4349112426035503	0.3994082840236687	0.4112426035502959	0.4289940828402367
PL_012	0.7037617554858935	0.27163636363636373	0.39745454545454545	0.3402597402597403	0.33961038961038964	0.36038961038961037
PL_013	0.808531746031746	0.43526785714285715	0.7857142857142858	0.7924107142857143	0.7901785714285714	0.7212301587301586
PL_014	0.6519795657726692	0.2725546058879392	0.49667616334283005	0.5612535612535612	0.47958214624881285	0.6980056980056979
PL_015	0.9423068106274214	0.3791753291753292	0.6741279741279742	0.6583506583506583	0.6682143682143682	0.6858974358974359
PL_016	0.888268156424581	0.36405959031657353	0.7241620111731844	0.6976794155565106	0.6955307262569834	0.7107864202836269
PL_017	0.7956962025316455	0.3702531645569621	0.4868354430379746	0.5187341772151899	0.4903797468354431	0.5531645569620253
PL_018	0.9065934065934065	0.44511278195488724	0.6260651629072682	0.6270676691729323	0.6263157894736842	0.650375939849624
PL_019	0.8514705882352941	0.3473604826546003	0.536500754147813	0.5368024132730015	0.5377073906485671	0.565761689291101
PL_020	0.7978021978021979	0.2673992673992674	0.5280830280830282	0.5417582417582416	0.5115384615384615	0.6005494505494504
PL_021	0.7181894914538933	0.17612251072235768	0.5119770069940026	0.50941431901906	0.5044135181790678	0.6207330335838459
PL_022	0.6904761904761904	0.2511111111111111	0.5044444444444445	0.5055555555555556	0.4433333333333333	0.7444444444444445
PL_023	0.6917270531400965	0.228505291005291	0.5021135265700483	0.7025966183574879	0.4894323671497584	0.8064613526570048
PL_024	0.8409090909090908	0.4111111111111111	0.5611111111111111	0.5333333333333333	0.5166666666666666	0.5444444444444444
PL_025	0.8138111888111887	0.43444055944055954	0.5987762237762237	0.6617132867132868	0.6145104895104895	0.6791958041958043
PL_026	0.6445326278659612	0.2137509850275808	0.35007880220646176	0.3796296296296296	0.29491725768321514	0.40524034672970843
PL_027	0.8166666666666668	0.44656862745098036	0.6453703703703704	0.6212962962962962	0.6703703703703704	0.6185185185185186
PL_028	0.7428496227408318	0.32661870503597124	0.5582733812949641	0.6194244604316547	0.5816546762589928	0.6620503597122303
PL_029	0.7828606018678658	0.31073446327683624	0.50181598062954	0.4808889657557939	0.5064856451054999	0.6197682462815634
PL_030	0.7163072776280324	0.3948787061994609	0.6212938005390835	0.6044474393530997	0.5909703504043127	0.6347708894878707
PL_031	0.6118012422360248	0.3314108251996451	0.40433673469387754	0.3864795918367347	0.39668367346938777	0.41284013605442177
PL_032	0.8766233766233766	0.38888888888888884	0.5303030303030303	0.6298701298701299	0.4653679653679653	0.6255411255411256
PL_033	0.831447963800905	0.6640271493212669	0.6798642533936652	0.6753393665158371	0.6776018099547512	0.6798642533936652
PL_034	0.8380408653846156	0.24969951923076922	0.46905048076923084	0.438701923076923	0.4384014423076923	0.5204326923076924
PL_035	0.7236111111111111	0.3121069182389937	0.364517819706499	0.3886268343815514	0.3687106918238994	0.4085429769392033
PL_036	0.6750000000000002	0.4305555555555556	0.4953703703703703	0.46666666666666673	0.45	0.47500000000000003
PL_037	0.87	0.5152777777777777	0.7175	0.6575	0.685	0.64
PL_038	0.8720238095238095	0.4702380952380952	0.6964285714285714	0.6845238095238095	0.7202380952380952	0.7410714285714285
PL_039	0.8021914648212226	0.3454440599769319	0.5576701268742791	0.49307958477508645	0.5507497116493657	0.5046136101499424
PL_040	0.6924619085805934	0.29401993355481726	0.43183640737770645	0.46926910299003316	0.4061461794019933	0.6226944667201282
PL_041	0.7078019504876218	0.39784053156146176	0.53156146179402	0.5556478405315615	0.5265780730897011	0.5565891472868217
PL_042	0.6742424242424243	0.3452380952380952	0.369047619047619	0.369047619047619	0.3452380952380952	0.369047619047619
PL_043	0.7796167247386759	0.44136960600375236	0.6364915572232647	0.6108852755194217	0.6199186991869918	0.6429539295392953
PL_044	0.80965815793402	0.24007807417046192	0.5941986411774454	0.5699955217196597	0.5860874757426482	0.6721152410807583
PL_045	0.6490384615384617	0.3324175824175824	0.41346153846153844	0.39903846153846156	0.40384615384615385	0.40625
PL_046	0.9303977272727273	0.6576704545454547	0.7230113636363636	0.7528409090909091	0.7471590909090909	0.7642045454545455
PL_047	0.876768534238823	0.30913978494623656	0.6699207696661007	0.6552065647990943	0.6370967741935483	0.7143463497453311
PL_048	0.8423728813559321	0.3336499123319696	0.6507062146892656	0.6597457627118645	0.6340395480225989	0.6887005649717515
PL_049	0.8933933933933933	0.3219753086419754	0.698395061728395	0.6783783783783784	0.6641975308641975	0.7756756756756757
PL_050	0.7346938775510203	0.3976190476190476	0.5619047619047619	0.5102040816326532	0.4408163265306123	0.5918367346938775
PL_051	0.8531746031746033	0.3115384615384615	0.5984126984126984	0.7055555555555556	0.5666666666666667	0.7007936507936509
PL_052	0.729059829059829	0.412087912087912	0.64017094017094	0.6538461538461537	0.6025641025641025	0.676068376068376
PL_053	0.7300728372156943	0.2509566326530612	0.495500283446712	0.45978492407063837	0.5220734126984127	0.5055143269428983
PL_054	0.7439889797962932	0.25680388793596337	0.48624928530588907	0.5137017070979335	0.49190966266437963	0.5835298742138365
PL_055	0.744951923076923	0.292854140395124	0.533048433048433	0.5793610760823876	0.5506935687263557	0.6377889869693149
PL_056	0.7995935571278037	0.2696475296290596	0.577389564414345	0.5542404186547638	0.5537171002000922	0.5885142255005269
PL_057	0.8174286225189248	0.20191495933285286	0.5307918337363411	0.522391766505732	0.5304347382490078	0.5576284993344062
PL_058	0.7349537037037037	0.41676622859418555	0.551373954599761	0.5589406610911987	0.5653126244524094	0.5772600557546793
PL_059	0.7958579881656807	0.363905325443787	0.363905325443787	0.3698224852071006	0.37573964497041423	0.37573964497041423
SD_001	0.792517006802721	0.45918367346938777	0.5476190476190476	0.5136054421768708	0.5136054421768707	0.5068027210884354
SD_002	0.6505376344086021	0.49999999999999994	0.4841269841269841	0.5	0.4841269841269841	0.5
SD_003	0.6770833333333333	0.3050595238095238	0.331845238095238	0.31657608695652173	0.31114130434782605	0.31657608695652173
SD_004	0.525	0.2120967741935484	0.22661290322580643	0.23951612903225805	0.225	0.24758064516129027
SD_005	0.5399999999999999	0.2655677655677655	0.37545787545787535	0.3534798534798535	0.26190476190476186	0.3974358974358974
SD_006	0.5566666666666666	0.3078431372549019	0.3470588235294118	0.34705882352941175	0.33137254901960783	0.35882352941176476
SD_007	0.4246031746031746	0.25283446712018137	0.25283446712018137	0.25283446712018137	0.25283446712018137	0.25283446712018137
SD_008	0.8062500000000001	0.6875	0.6875	0.7124999999999999	0.7062499999999999	0.71875
SD_009	0.7976190476190477	0.41666666666666663	0.5992063492063492	0.5277777777777777	0.5833333333333333	0.6388888888888888
SD_010	0.6685714285714285	0.4928571428571428	0.4985714285714286	0.5271428571428572	0.5142857142857143	0.5314285714285716
SD_011	0.775974025974026	0.5285714285714285	0.6	0.5422077922077922	0.5487012987012988	0.5422077922077922
SD_012	0.7847290640394089	0.39116379310344823	0.4105603448275862	0.4321120689655172	0.43211206896551724	0.43318965517241376
SD_013	0.706015037593985	0.4834586466165413	0.5628654970760233	0.675438596491228	0.5964912280701754	0.6461988304093567
SD_014	0.8602941176470589	0.5220588235294118	0.5441176470588236	0.5404411764705883	0.5477941176470589	0.5404411764705883
SD_015	0.9370370370370371	0.7444444444444445	0.8407407407407408	0.8555555555555556	0.8703703703703703	0.8555555555555556
SD_016	0.9344262295081968	0.6318306010928962	0.6816939890710383	0.6830601092896175	0.674863387978142	0.6871584699453552
SD_017	0.65625	0.640625	0.671875	0.6875	0.671875	0.6875
SD_018	0.6529017857142858	0.34134615384615385	0.5444711538461539	0.4807692307692307	0.4423076923076923	0.5360576923076923
SD_019	0.6043639053254438	0.3185064935064935	0.34448051948051944	0.36022727272727273	0.3553571428571428	0.38490259740259736
SD_020	0.7884848484848485	0.31554677206851117	0.34453227931488795	0.36297760210803687	0.3458498023715415	0.37220026350461133
SD_021	0.8333333333333333	0.4254201680672269	0.4484126984126984	0.47163865546218486	0.4506302521008403	0.4737394957983193
SD_022	0.7250988142292489	0.3516651665166517	0.37288248337028823	0.388580931263858	0.38108647450110866	0.4283592017738359
SD_023	0.5089285714285714	0.3875	0.4	0.3875	0.3875	0.3875
SD_024	0.7261904761904762	0.5129870129870129	0.5259740259740259	0.5357142857142856	0.5	0.5357142857142856
SD_025	0.5833333333333334	0.4722222222222222	0.5833333333333335	0.5555555555555556	0.5555555555555556	0.5555555555555556
SD_026	0.5	0.3333333333333333	0.3333333333333333	0.3333333333333333	0.3333333333333333	0.3333333333333333
SD_027	0.5	0.47500000000000003	0.47500000000000003	0.47500000000000003	0.47500000000000003	0.47500000000000003
SD_028	0.6142857142857142	0.44285714285714284	0.44285714285714284	0.44285714285714284	0.44285714285714284	0.44285714285714284
SD_029	0.5	0.5	0.5	0.5	0.5	0.5
SD_030	0.525	0.4583333333333333	0.4583333333333333	0.4583333333333333	0.4583333333333333	0.4583333333333333
