	NoOrder	MR	Krisk	Kdegree	Degree	eigenc
PL_001	0.7207685054219708	0.31214174048983856	0.4190984887962481	0.4123579024569124	0.3975675345312309	0.45330644175528656
PL_002	0.7469113372093024	0.3588033536585366	0.4769435975609756	0.46354166666666663	0.44122023809523814	0.4854910714285714
PL_003	0.7566666666666666	0.28962962962962957	0.3592592592592593	0.3088888888888889	0.3088888888888889	0.3562962962962963
PL_004	0.8080065359477123	0.2820855614973263	0.6683006535947712	0.6642156862745097	0.6519607843137254	0.790032679738562
PL_005	0.8218560606060606	0.27551257253384914	0.4852248803827751	0.5191387559808612	0.48243062200956943	0.5573397129186604
PL_006	0.9040501446480229	0.24897540983606553	0.4200819672131147	0.48770491803278687	0.41290983606557374	0.5420081967213115
PL_007	0.7864583333333333	0.3293650793650793	0.5218253968253967	0.4953703703703704	0.48981481481481476	0.5768518518518517
PL_008	0.9150717703349283	0.5251196172248804	0.7141148325358853	0.7093301435406699	0.7069377990430621	0.7212918660287081
PL_009	0.8834745762711866	0.3583271923360353	0.6899717514124293	0.6324152542372881	0.6528954802259888	0.6857344632768362
PL_010	0.9246604414261459	0.6003820033955856	0.6895161290322581	0.7043718166383701	0.6958828522920204	0.7149830220713073
PL_011	0.7032967032967032	0.38757396449704146	0.4171597633136095	0.3994082840236687	0.39349112426035504	0.4289940828402367
PL_012	0.6064935064935065	0.27163636363636373	0.3909090909090909	0.33896103896103896	0.35259740259740263	0.36038961038961037
PL_013	0.8978174603174602	0.43526785714285715	0.8214285714285714	0.7946428571428572	0.7390873015873015	0.7212301587301586
PL_014	0.6634738186462323	0.2725546058879392	0.5085470085470085	0.5617283950617283	0.4810066476733143	0.6980056980056979
PL_015	0.9405989959425074	0.3791753291753292	0.6595403095403095	0.657957957957958	0.6623123123123122	0.6858974358974359
PL_016	0.8646325741297809	0.36405959031657353	0.7609404096834265	0.6981091534164161	0.7301246239793726	0.7107864202836269
PL_017	0.7789873417721519	0.3702531645569621	0.47367088607594937	0.5187341772151899	0.49392405063291134	0.5531645569620253
PL_018	0.8411477411477413	0.44511278195488724	0.6160401002506265	0.6255639097744361	0.6165413533834586	0.650375939849624
PL_019	0.6806938159879337	0.3473604826546003	0.5316742081447964	0.5368024132730015	0.5322775263951735	0.565761689291101
PL_020	0.8016483516483516	0.2673992673992674	0.5763125763125763	0.5406593406593405	0.5372405372405372	0.6005494505494504
PL_021	0.7334482192680125	0.17612251072235768	0.5248260397572565	0.5095744870174939	0.5035484473420602	0.6207330335838459
PL_022	0.6851851851851852	0.2511111111111111	0.5244444444444445	0.5055555555555555	0.39777777777777773	0.7444444444444445
PL_023	0.5196256038647343	0.228505291005291	0.4821859903381643	0.7044082125603864	0.4405193236714976	0.8070652173913042
PL_024	0.5777777777777777	0.4111111111111111	0.5777777777777777	0.5388888888888889	0.5333333333333333	0.5444444444444444
PL_025	0.8697552447552448	0.43444055944055954	0.597027972027972	0.6652097902097903	0.6110139860139859	0.6791958041958043
PL_026	0.3521164021164021	0.2137509850275808	0.32959022852639874	0.3804176516942474	0.28585500394011026	0.4064223798266351
PL_027	0.8037037037037036	0.44656862745098036	0.6574074074074073	0.6175925925925926	0.6611111111111111	0.6185185185185186
PL_028	0.8018073346201089	0.32661870503597124	0.5649280575539568	0.6203237410071942	0.5721223021582734	0.6620503597122303
PL_029	0.807419578000692	0.31073446327683624	0.5104635074368732	0.48936354202698035	0.4995676236596333	0.6197682462815634
PL_030	0.7493261455525607	0.3948787061994609	0.6226415094339622	0.6051212938005391	0.5970350404312669	0.6320754716981133
PL_031	0.6772959183673469	0.3314108251996451	0.40688775510204084	0.3843537414965986	0.3941326530612245	0.41284013605442177
PL_032	0.7943722943722944	0.38888888888888884	0.4783549783549783	0.6298701298701299	0.5043290043290043	0.6255411255411256
PL_033	0.8902714932126696	0.6640271493212669	0.6708144796380091	0.6753393665158371	0.6843891402714932	0.6798642533936652
PL_034	0.928485576923077	0.24969951923076922	0.46604567307692313	0.43749999999999994	0.44771634615384626	0.5204326923076924
PL_035	0.6473132969034608	0.3121069182389937	0.3676624737945493	0.3886268343815514	0.3587526205450734	0.4085429769392033
PL_036	0.5083333333333333	0.4305555555555556	0.45	0.46666666666666673	0.45	0.47500000000000003
PL_037	0.755	0.5152777777777777	0.77	0.645	0.65	0.64
PL_038	0.7470238095238094	0.4702380952380952	0.7083333333333334	0.6994047619047619	0.6934523809523809	0.7410714285714285
PL_039	0.8414071510957324	0.3454440599769319	0.5749711649365629	0.49769319492502884	0.5403690888119954	0.5046136101499424
PL_040	0.6820368885324779	0.29401993355481726	0.45028067361668	0.47009966777408635	0.42358803986710963	0.6226944667201282
PL_041	0.6545386346586646	0.39784053156146176	0.5357142857142858	0.5556478405315615	0.5299003322259137	0.5565891472868217
PL_042	0.75	0.3452380952380952	0.3452380952380952	0.369047619047619	0.369047619047619	0.369047619047619
PL_043	0.7909407665505227	0.44136960600375236	0.6407129455909945	0.6113369467028004	0.6235320686540199	0.6429539295392953
PL_044	0.7519032691446484	0.24007807417046192	0.5962323556439343	0.5698910285117182	0.5568741603224362	0.6721152410807583
PL_045	0.728021978021978	0.3324175824175824	0.42788461538461536	0.40865384615384615	0.3822115384615385	0.40625
PL_046	0.9517045454545454	0.6576704545454547	0.7329545454545455	0.7528409090909091	0.7400568181818182	0.7642045454545455
PL_047	0.7955574419920768	0.30913978494623656	0.6515280135823429	0.6520939445387661	0.6356819468024901	0.7143463497453311
PL_048	0.836723163841808	0.3336499123319696	0.6247175141242938	0.6588983050847458	0.6199152542372881	0.6887005649717515
PL_049	0.9051651651651652	0.3219753086419754	0.681604938271605	0.6752552552552553	0.6846246246246246	0.7756756756756757
PL_050	0.8183673469387754	0.3976190476190476	0.5714285714285714	0.5061224489795919	0.4612244897959184	0.5918367346938775
PL_051	0.8658730158730159	0.3115384615384615	0.6007936507936508	0.6880952380952381	0.5865079365079365	0.7007936507936509
PL_052	0.7683760683760683	0.412087912087912	0.6247863247863247	0.6418803418803418	0.5837606837606837	0.676068376068376
PL_053	0.7131347488490345	0.2509566326530612	0.5449263038548753	0.45954442383013805	0.5216128117913832	0.5050676836391121
PL_054	0.7047225468915232	0.25680388793596337	0.5017438536306461	0.5137297843665768	0.48707833047455684	0.5835298742138365
PL_055	0.7704326923076923	0.292854140395124	0.5367928367928367	0.578688524590164	0.5437999159310635	0.6377889869693149
PL_056	0.8307842842089417	0.2696475296290596	0.5675080806526089	0.5555333230721872	0.5611359088810219	0.5885142255005269
PL_057	0.7906061870417834	0.20191495933285286	0.5216195810759797	0.5228785440384653	0.522501043094713	0.5576284993344062
PL_058	0.8051697530864197	0.41676622859418555	0.554958183990442	0.5589406610911987	0.5700915969733173	0.5772600557546793
PL_059	0.6775147928994084	0.363905325443787	0.3579881656804734	0.3579881656804734	0.3520710059171598	0.37573964497041423
SD_001	0.8673469387755102	0.45918367346938777	0.554421768707483	0.5136054421768708	0.5340136054421768	0.5068027210884354
SD_002	0.6290322580645161	0.49999999999999994	0.4841269841269841	0.5	0.5	0.5
SD_003	0.748641304347826	0.3050595238095238	0.31994047619047616	0.31657608695652173	0.3029891304347826	0.31657608695652173
SD_004	0.7250000000000001	0.2120967741935484	0.23951612903225802	0.23951612903225805	0.23629032258064514	0.24758064516129027
SD_005	0.5307692307692308	0.2655677655677655	0.3168498168498168	0.3608058608058608	0.2655677655677655	0.3974358974358974
SD_006	0.6238095238095237	0.3078431372549019	0.3470588235294118	0.34705882352941175	0.32352941176470584	0.35882352941176476
SD_007	0.6428571428571429	0.25283446712018137	0.25283446712018137	0.25283446712018137	0.25283446712018137	0.25283446712018137
SD_008	0.78125	0.6875	0.6875	0.7124999999999999	0.7124999999999999	0.71875
SD_009	0.7976190476190476	0.41666666666666663	0.5595238095238094	0.5277777777777777	0.5357142857142856	0.6388888888888888
SD_010	0.7242857142857144	0.4928571428571428	0.4985714285714286	0.5271428571428572	0.5114285714285715	0.5314285714285716
SD_011	0.6785714285714286	0.5285714285714285	0.5714285714285713	0.5422077922077922	0.5928571428571427	0.5422077922077922
SD_012	0.6142857142857143	0.39116379310344823	0.4148706896551724	0.4321120689655172	0.4245689655172413	0.43318965517241376
SD_013	0.7719298245614035	0.4834586466165413	0.5628654970760233	0.675438596491228	0.5921052631578946	0.6461988304093567
SD_014	0.7867647058823529	0.5220588235294118	0.5477941176470589	0.5441176470588236	0.5441176470588236	0.5404411764705883
SD_015	0.9296296296296296	0.7444444444444445	0.8333333333333333	0.8555555555555555	0.8703703703703703	0.8555555555555556
SD_016	0.9644808743169399	0.6318306010928962	0.6816939890710383	0.6837431693989071	0.6816939890710381	0.6871584699453552
SD_017	0.7578125	0.640625	0.671875	0.6875	0.65625	0.6875
SD_018	0.7176339285714286	0.34134615384615385	0.5492788461538461	0.4795673076923077	0.4651442307692308	0.5360576923076923
SD_019	0.6879746835443038	0.3185064935064935	0.3441558441558441	0.36022727272727273	0.35308441558441556	0.38490259740259736
SD_020	0.7024242424242424	0.31554677206851117	0.34980237154150196	0.36166007905138337	0.34716732542819495	0.37220026350461133
SD_021	0.736111111111111	0.4254201680672269	0.4611344537815125	0.46953781512605036	0.45693277310924363	0.4737394957983193
SD_022	0.7468225948808473	0.3516651665166517	0.3716407982261641	0.388580931263858	0.3826829268292683	0.4283592017738359
SD_023	0.725	0.3875	0.4	0.3875	0.3875	0.3875
SD_024	0.619047619047619	0.5129870129870129	0.5519480519480519	0.5357142857142856	0.5357142857142856	0.5357142857142856
SD_025	0.6071428571428571	0.4722222222222222	0.5555555555555556	0.5555555555555556	0.5	0.5555555555555556
SD_026	0.2777777777777778	0.3333333333333333	0.3333333333333333	0.3333333333333333	0.3333333333333333	0.3333333333333333
SD_027	0.5833333333333334	0.47500000000000003	0.47500000000000003	0.47500000000000003	0.47500000000000003	0.47500000000000003
SD_028	0.7	0.44285714285714284	0.44285714285714284	0.44285714285714284	0.44285714285714284	0.44285714285714284
SD_029	0.6000000000000001	0.5	0.5	0.5	0.5	0.5
SD_030	0.525	0.4583333333333333	0.4583333333333333	0.4583333333333333	0.4583333333333333	0.4583333333333333
