	NoOrder	MR	Krisk	Kdegree	Degree	eigenc
PL_001	0.6834739029458501	0.31214174048983856	0.4239187076602397	0.4111355580002445	0.39683412785723016	0.4535509106466201
PL_002	0.7410973837209303	0.3588033536585366	0.48151676829268286	0.46391369047619047	0.4564732142857143	0.4854910714285714
PL_003	0.558888888888889	0.28962962962962957	0.34444444444444444	0.3088888888888889	0.32814814814814813	0.3562962962962963
PL_004	0.7990196078431371	0.2820855614973263	0.6584967320261438	0.6674836601307188	0.6519607843137254	0.790032679738562
PL_005	0.7717045454545455	0.27551257253384914	0.48576076555023917	0.519866028708134	0.5002296650717702	0.5573397129186604
PL_006	0.6542912246865962	0.24897540983606553	0.43545081967213106	0.4887295081967213	0.415983606557377	0.5420081967213115
PL_007	0.7413194444444444	0.3293650793650793	0.47023809523809523	0.4861111111111111	0.46203703703703697	0.5768518518518517
PL_008	0.8552631578947367	0.5251196172248804	0.7260765550239235	0.7093301435406699	0.7117224880382775	0.7212918660287081
PL_009	0.8185028248587571	0.3583271923360353	0.6564265536723164	0.6313559322033897	0.6493644067796611	0.6857344632768362
PL_010	0.8495331069609505	0.6003820033955856	0.6984295415959254	0.7035229202037351	0.6988539898132428	0.7149830220713073
PL_011	0.5879120879120879	0.38757396449704146	0.45857988165680474	0.3994082840236687	0.38757396449704146	0.4289940828402367
PL_012	0.6216300940438874	0.27163636363636373	0.3865454545454545	0.34155844155844156	0.3603896103896104	0.36038961038961037
PL_013	0.9057539682539683	0.43526785714285715	0.7946428571428571	0.7132936507936508	0.7232142857142856	0.7212301587301586
PL_014	0.7562792677735206	0.2725546058879392	0.5128205128205128	0.5607787274453941	0.4767331433998101	0.6980056980056979
PL_015	0.9017662700868808	0.3791753291753292	0.6642758142758143	0.6575190575190575	0.6656964656964657	0.6858974358974359
PL_016	0.8788139235066609	0.36405959031657353	0.7181098696461825	0.6963902019767942	0.672754619681994	0.7107864202836269
PL_017	0.8382278481012658	0.3702531645569621	0.47822784810126573	0.5187341772151899	0.4853164556962025	0.5531645569620253
PL_018	0.8467643467643468	0.44511278195488724	0.6177944862155389	0.62531328320802	0.6288220551378445	0.650375939849624
PL_019	0.7808823529411765	0.3473604826546003	0.5310708898944193	0.5374057315233786	0.544947209653092	0.565761689291101
PL_020	0.7164835164835165	0.2673992673992674	0.5195360195360196	0.545054945054945	0.5305250305250304	0.6005494505494504
PL_021	0.7474718781956596	0.17612251072235768	0.5228684308875087	0.5090583901336514	0.5265167019629478	0.6207330335838459
PL_022	0.7486772486772486	0.2511111111111111	0.521111111111111	0.51	0.44111111111111106	0.7444444444444445
PL_023	0.7231280193236715	0.228505291005291	0.4960748792270531	0.7068236714975845	0.45018115942028986	0.8070652173913042
PL_024	0.6237373737373736	0.4111111111111111	0.6	0.5555555555555555	0.5611111111111111	0.5444444444444444
PL_025	0.8417832167832168	0.43444055944055954	0.590034965034965	0.6652097902097903	0.6057692307692307	0.6791958041958043
PL_026	0.3912698412698413	0.2137509850275808	0.3047675334909377	0.3804176516942474	0.2968873128447596	0.4040583136327817
PL_027	0.8296296296296296	0.44656862745098036	0.6944444444444444	0.6157407407407407	0.6953703703703704	0.6185185185185186
PL_028	0.8212844358659415	0.32661870503597124	0.5800359712230216	0.6217625899280576	0.5976618705035971	0.6620503597122303
PL_029	0.8150294015911449	0.31073446327683624	0.5090799031476999	0.48849878934624696	0.4980110688343133	0.6197682462815634
PL_030	0.7055256064690029	0.3948787061994609	0.6017520215633424	0.6071428571428573	0.6091644204851753	0.6340970350404315
PL_031	0.7232142857142857	0.3314108251996451	0.4030612244897959	0.38605442176870747	0.3907312925170068	0.41284013605442177
PL_032	0.6298701298701299	0.38888888888888884	0.525974025974026	0.6341991341991342	0.525974025974026	0.6255411255411256
PL_033	0.8427601809954751	0.6640271493212669	0.6708144796380091	0.6753393665158371	0.6821266968325792	0.6798642533936652
PL_034	0.7911658653846154	0.24969951923076922	0.47656250000000006	0.4338942307692307	0.4645432692307693	0.5204326923076924
PL_035	0.6172586520947176	0.3121069182389937	0.3629454926624738	0.3886268343815514	0.36766247379454925	0.4085429769392033
PL_036	0.6249999999999999	0.4305555555555556	0.4666666666666666	0.46666666666666673	0.4583333333333333	0.47500000000000003
PL_037	0.87	0.5152777777777777	0.7025	0.665	0.7175	0.64
PL_038	0.9196428571428571	0.4702380952380952	0.7529761904761904	0.6875	0.7113095238095238	0.7410714285714285
PL_039	0.8241061130334487	0.3454440599769319	0.5818915801614765	0.5023068050749712	0.5369088811995387	0.5046136101499424
PL_040	0.6804330392943064	0.29401993355481726	0.47093023255813954	0.47009966777408635	0.40946843853820597	0.6226944667201282
PL_041	0.6357839459864967	0.39784053156146176	0.5215946843853821	0.5564784053156147	0.5132890365448505	0.5565891472868217
PL_042	0.375	0.3452380952380952	0.369047619047619	0.369047619047619	0.369047619047619	0.369047619047619
PL_043	0.7652439024390244	0.44136960600375236	0.6416510318949343	0.6113369467028004	0.6194670280036133	0.6429539295392953
PL_044	0.7366472607851919	0.24007807417046192	0.5991398141034332	0.5699955217196596	0.5786684579788028	0.6721301686818928
PL_045	0.7160633484162896	0.3324175824175824	0.43269230769230765	0.40865384615384615	0.4206730769230769	0.40625
PL_046	0.9247159090909091	0.6576704545454547	0.7286931818181819	0.7528409090909091	0.7372159090909092	0.7642045454545455
PL_047	0.8629032258064515	0.30913978494623656	0.6187040181097906	0.654640633842671	0.6526598754951896	0.7143463497453311
PL_048	0.8983050847457626	0.3336499123319696	0.6241525423728813	0.6610169491525424	0.6265536723163841	0.6887005649717515
PL_049	0.8512312312312313	0.3219753086419754	0.7190123456790123	0.6783783783783783	0.6913513513513514	0.7756756756756757
PL_050	0.8122448979591836	0.3976190476190476	0.5809523809523809	0.5183673469387755	0.4714285714285715	0.5918367346938775
PL_051	0.8071428571428572	0.3115384615384615	0.6206349206349207	0.6785714285714286	0.6285714285714286	0.7007936507936509
PL_052	0.6897435897435896	0.412087912087912	0.6299145299145298	0.6538461538461537	0.6008547008547008	0.676068376068376
PL_053	0.7734315948601663	0.2509566326530612	0.5284863945578232	0.4592352092352092	0.5032950680272109	0.5062358276643991
PL_054	0.7041381421494963	0.25680388793596337	0.48827901658090334	0.5135893980233603	0.48210405946254997	0.5835298742138365
PL_055	0.7112179487179486	0.292854140395124	0.5661782661782662	0.5794451450189155	0.5548970155527533	0.6377889869693149
PL_056	0.7374830648803251	0.2696475296290596	0.5784362013236879	0.5517469601354472	0.5481760812682777	0.5885142255005269
PL_057	0.8127794003695537	0.20191495933285286	0.5345056268046076	0.5225109773300749	0.507867914406628	0.5576284993344062
PL_058	0.748070987654321	0.41676622859418555	0.5477897252090801	0.5581441656710473	0.5820390282755874	0.5772600557546793
PL_059	0.6775147928994084	0.363905325443787	0.3579881656804734	0.37573964497041423	0.37573964497041423	0.37573964497041423
SD_001	0.8537414965986394	0.45918367346938777	0.5340136054421769	0.5068027210884354	0.5136054421768707	0.5068027210884354
SD_002	0.6703703703703705	0.49999999999999994	0.4841269841269841	0.5	0.4841269841269841	0.5
SD_003	0.6127717391304348	0.3050595238095238	0.31101190476190477	0.31657608695652173	0.3111413043478261	0.31657608695652173
SD_004	0.6308823529411764	0.2120967741935484	0.22661290322580643	0.23951612903225805	0.24112903225806448	0.24758064516129027
SD_005	0.6199999999999999	0.2655677655677655	0.3754578754578754	0.34615384615384615	0.2655677655677655	0.3974358974358974
SD_006	0.56	0.3078431372549019	0.3588235294117647	0.34705882352941175	0.34705882352941175	0.35882352941176476
SD_007	0.6746031746031746	0.25283446712018137	0.25283446712018137	0.25283446712018137	0.25283446712018137	0.25283446712018137
SD_008	0.8125	0.6875	0.6812499999999999	0.7124999999999999	0.71875	0.71875
SD_009	0.9007936507936508	0.41666666666666663	0.4563492063492063	0.5277777777777777	0.4642857142857143	0.6388888888888888
SD_010	0.75	0.4928571428571428	0.4985714285714286	0.5271428571428572	0.5128571428571429	0.5314285714285716
SD_011	0.7824675324675323	0.5285714285714285	0.5785714285714285	0.5422077922077922	0.5785714285714285	0.5422077922077922
SD_012	0.6034482758620691	0.39116379310344823	0.41702586206896547	0.4321120689655172	0.43749999999999994	0.43318965517241376
SD_013	0.6894736842105263	0.4834586466165413	0.5628654970760233	0.675438596491228	0.5964912280701754	0.6461988304093567
SD_014	0.8676470588235294	0.5220588235294118	0.5294117647058824	0.5404411764705883	0.5404411764705882	0.5404411764705883
SD_015	0.9296296296296296	0.7444444444444445	0.8555555555555555	0.8629629629629628	0.8333333333333334	0.8555555555555556
SD_016	0.9446721311475409	0.6318306010928962	0.6741803278688525	0.6823770491803278	0.6837431693989071	0.6871584699453552
SD_017	0.65625	0.640625	0.671875	0.6875	0.65625	0.6875
SD_018	0.5123922413793103	0.34134615384615385	0.5817307692307693	0.4819711538461538	0.4627403846153846	0.5360576923076923
SD_019	0.7238905325443787	0.3185064935064935	0.3449675324675324	0.36022727272727273	0.3538961038961039	0.38490259740259736
SD_020	0.7933333333333333	0.31554677206851117	0.3432147562582345	0.3616600790513834	0.3484848484848485	0.37220026350461133
SD_021	0.7083333333333334	0.4254201680672269	0.4611344537815125	0.4674369747899159	0.4569327731092437	0.4737394957983193
SD_022	0.6858340688437775	0.3516651665166517	0.37199556541019957	0.388580931263858	0.38259423503325946	0.4283592017738359
SD_023	0.7589285714285714	0.3875	0.4	0.3875	0.3875	0.3875
SD_024	0.6904761904761905	0.5129870129870129	0.551948051948052	0.5357142857142856	0.5357142857142856	0.5357142857142856
SD_025	0.5595238095238095	0.4722222222222222	0.5555555555555556	0.5555555555555556	0.5	0.5555555555555556
SD_026	0.5	0.3333333333333333	0.3333333333333333	0.3333333333333333	0.3333333333333333	0.3333333333333333
SD_027	0.47500000000000003	0.47500000000000003	0.47500000000000003	0.47500000000000003	0.47500000000000003	0.47500000000000003
SD_028	0.7	0.44285714285714284	0.44285714285714284	0.44285714285714284	0.44285714285714284	0.44285714285714284
SD_029	0.7	0.5	0.5	0.5	0.5	0.5
SD_030	0.375	0.4583333333333333	0.4583333333333333	0.4583333333333333	0.4583333333333333	0.4583333333333333
