	NoOrder	MR	Krisk	Kdegree	Degree	eigenc
PL_001	0.6607732201791607	0.31214174048983856	0.4192287649817613	0.4107688546632441	0.39634519007456304	0.4536731450922869
PL_002	0.848655523255814	0.3588033536585366	0.46741615853658536	0.4650297619047619	0.465029761904762	0.4854910714285714
PL_003	0.4488888888888889	0.28962962962962957	0.3622222222222222	0.3074074074074074	0.3311111111111111	0.3562962962962963
PL_004	0.8259803921568627	0.2820855614973263	0.6887254901960784	0.6740196078431372	0.6037581699346406	0.790032679738562
PL_005	0.7969318181818181	0.27551257253384914	0.4847272727272727	0.5196746411483253	0.49866028708133975	0.5573397129186604
PL_006	0.7565091610414656	0.24897540983606553	0.478483606557377	0.48770491803278687	0.4118852459016393	0.5420081967213115
PL_007	0.5659722222222221	0.3293650793650793	0.5158730158730158	0.4953703703703704	0.47500000000000003	0.5768518518518517
PL_008	0.8887559808612441	0.5251196172248804	0.7476076555023924	0.7093301435406699	0.6997607655502394	0.7212918660287081
PL_009	0.8591101694915255	0.3583271923360353	0.6528954802259886	0.6334745762711864	0.6536016949152543	0.6857344632768362
PL_010	0.9119269949066213	0.6003820033955856	0.7009762308998302	0.705220713073005	0.705220713073005	0.7149830220713073
PL_011	0.6868131868131868	0.38757396449704146	0.4408284023668639	0.3994082840236687	0.3994082840236687	0.4289940828402367
PL_012	0.6598746081504702	0.27163636363636373	0.4047272727272727	0.3409090909090909	0.35454545454545455	0.36038961038961037
PL_013	0.9486607142857142	0.43526785714285715	0.7544642857142858	0.7271825396825395	0.7723214285714286	0.7212301587301586
PL_014	0.7171136653895275	0.2725546058879392	0.47815764482431145	0.5607787274453941	0.4924026590693257	0.6980056980056979
PL_015	0.936747816518809	0.3791753291753292	0.6680411180411181	0.6578655578655578	0.6613883113883114	0.6858974358974359
PL_016	0.8777395788568971	0.36405959031657353	0.7330074487895717	0.6963902019767942	0.6858616244091105	0.7107864202836269
PL_017	0.8534177215189872	0.3702531645569621	0.4959493670886075	0.5187341772151899	0.48987341772151893	0.5531645569620253
PL_018	0.8663003663003663	0.44511278195488724	0.6228070175438596	0.6255639097744361	0.6162907268170426	0.650375939849624
PL_019	0.8111764705882353	0.3473604826546003	0.5365007541478131	0.5386123680241327	0.5283559577677224	0.565761689291101
PL_020	0.7505494505494505	0.2673992673992674	0.5366300366300367	0.545054945054945	0.5280830280830281	0.6005494505494504
PL_021	0.729941402762673	0.17612251072235768	0.5282785499457208	0.509538894128953	0.48943954905855785	0.6207330335838459
PL_022	0.5984126984126985	0.2511111111111111	0.5166666666666668	0.4977777777777777	0.4033333333333333	0.7444444444444445
PL_023	0.6616161616161615	0.228505291005291	0.5015096618357489	0.7019927536231884	0.46769323671497576	0.8064613526570048
PL_024	0.7651515151515151	0.4111111111111111	0.5722222222222222	0.5333333333333333	0.5277777777777778	0.5444444444444444
PL_025	0.8959790209790209	0.43444055944055954	0.590034965034965	0.6652097902097903	0.6005244755244755	0.6791958041958043
PL_026	0.37169312169312163	0.2137509850275808	0.3398345153664302	0.38120567375886516	0.2771867612293144	0.4040583136327817
PL_027	0.8129629629629629	0.44656862745098036	0.6972222222222222	0.6212962962962962	0.6907407407407407	0.6185185185185186
PL_028	0.8481312510966836	0.32661870503597124	0.556294964028777	0.6176258992805755	0.5944244604316546	0.6620503597122303
PL_029	0.8814424074714633	0.31073446327683624	0.4983569699066068	0.4867692839847803	0.5063126945693531	0.6197682462815634
PL_030	0.7014824797843665	0.3948787061994609	0.6287061994609163	0.6057951482479784	0.5977088948787063	0.6327493261455527
PL_031	0.6760204081632653	0.3314108251996451	0.40858843537414963	0.3864795918367347	0.389030612244898	0.41284013605442177
PL_032	0.8463203463203464	0.38888888888888884	0.5216450216450217	0.6298701298701299	0.5606060606060606	0.6255411255411256
PL_033	0.8585972850678733	0.6640271493212669	0.6798642533936652	0.6753393665158371	0.6821266968325792	0.6798642533936652
PL_034	0.8079927884615385	0.24969951923076922	0.4546274038461539	0.44020432692307687	0.44771634615384615	0.5204326923076924
PL_035	0.5912037037037037	0.3121069182389937	0.36346960167714887	0.3886268343815514	0.35822851153039836	0.4085429769392033
PL_036	0.6916666666666667	0.4305555555555556	0.41666666666666663	0.46666666666666673	0.4583333333333333	0.47500000000000003
PL_037	0.7875	0.5152777777777777	0.6975	0.6599999999999999	0.6875	0.64
PL_038	0.7827380952380951	0.4702380952380952	0.7172619047619048	0.6994047619047619	0.761904761904762	0.7410714285714285
PL_039	0.8875432525951558	0.3454440599769319	0.5495963091118801	0.49423298731257204	0.5069204152249135	0.5046136101499424
PL_040	0.7181234963913391	0.29401993355481726	0.4493355481727575	0.47009966777408635	0.40946843853820597	0.6226944667201282
PL_041	0.5840210052513128	0.39784053156146176	0.5357142857142858	0.5564784053156147	0.5182724252491695	0.5565891472868217
PL_042	0.625	0.3452380952380952	0.369047619047619	0.369047619047619	0.369047619047619	0.369047619047619
PL_043	0.7870209059233448	0.44136960600375236	0.628986866791745	0.6104336043360433	0.6050135501355013	0.6429539295392953
PL_044	0.802642185400806	0.24007807417046192	0.608299061478435	0.5701895805344082	0.5800716524854457	0.6721152410807583
PL_045	0.6802884615384616	0.3324175824175824	0.3894230769230769	0.40865384615384615	0.40865384615384615	0.40625
PL_046	0.953125	0.6576704545454547	0.7357954545454546	0.7528409090909091	0.7428977272727274	0.7642045454545455
PL_047	0.889784946236559	0.30913978494623656	0.6334182229767968	0.6537917374080361	0.6447368421052632	0.7143463497453311
PL_048	0.9117231638418078	0.3336499123319696	0.6521186440677966	0.6580508474576271	0.644774011299435	0.6887005649717515
PL_049	0.8687687687687687	0.3219753086419754	0.7481481481481482	0.6781381381381382	0.7190123456790123	0.7756756756756757
PL_050	0.6571428571428571	0.3976190476190476	0.5952380952380951	0.5142857142857143	0.4938775510204082	0.5918367346938775
PL_051	0.784920634920635	0.3115384615384615	0.5833333333333333	0.7063492063492064	0.546031746031746	0.7007936507936509
PL_052	0.8145299145299147	0.412087912087912	0.6418803418803417	0.652136752136752	0.6076923076923076	0.676068376068376
PL_053	0.7576616505187934	0.2509566326530612	0.5383361678004535	0.45834192262763684	0.5174319727891157	0.5052394695251838
PL_054	0.7912422775087661	0.25680388793596337	0.49839908519153797	0.5136455525606469	0.4816180674671241	0.5835298742138365
PL_055	0.6701121794871795	0.292854140395124	0.5456654456654456	0.5808743169398907	0.5614543926019336	0.6377889869693149
PL_056	0.8337046515128707	0.2696475296290596	0.580744959211944	0.5547329536709251	0.5487917500384794	0.5885142255005269
PL_057	0.7977886392084401	0.20191495933285286	0.5442696377011214	0.5222427529753035	0.5306371818561125	0.5576284993344062
PL_058	0.7137345679012346	0.41676622859418555	0.548984468339307	0.5589406610911987	0.5724810832337714	0.5772600557546793
PL_059	0.7307692307692308	0.363905325443787	0.3579881656804734	0.363905325443787	0.363905325443787	0.37573964497041423
SD_001	0.7789115646258503	0.45918367346938777	0.554421768707483	0.5136054421768708	0.5136054421768707	0.5068027210884354
SD_002	0.7111111111111111	0.49999999999999994	0.5	0.5	0.4841269841269841	0.5
SD_003	0.73125	0.3050595238095238	0.3318452380952381	0.31657608695652173	0.31385869565217395	0.31657608695652173
SD_004	0.6382352941176469	0.2120967741935484	0.24435483870967742	0.23790322580645162	0.22983870967741934	0.24758064516129027
SD_005	0.3923076923076924	0.2655677655677655	0.39010989010989006	0.3534798534798535	0.2802197802197802	0.3974358974358974
SD_006	0.7476190476190477	0.3078431372549019	0.3509803921568628	0.34705882352941175	0.34705882352941175	0.35882352941176476
SD_007	0.49007936507936506	0.25283446712018137	0.25283446712018137	0.25283446712018137	0.25283446712018137	0.25283446712018137
SD_008	0.7625	0.6875	0.6812499999999999	0.7124999999999999	0.70625	0.71875
SD_009	0.8611111111111112	0.41666666666666663	0.5357142857142857	0.5119047619047619	0.47222222222222215	0.6388888888888888
SD_010	0.5571428571428572	0.4928571428571428	0.4985714285714286	0.5271428571428572	0.5128571428571429	0.5314285714285716
SD_011	0.775974025974026	0.5285714285714285	0.5857142857142856	0.5422077922077922	0.5857142857142856	0.5422077922077922
SD_012	0.6330049261083744	0.39116379310344823	0.4137931034482758	0.4321120689655172	0.4288793103448275	0.43318965517241376
SD_013	0.8187969924812031	0.4834586466165413	0.5628654970760233	0.675438596491228	0.5950292397660818	0.6461988304093567
SD_014	0.8786764705882353	0.5220588235294118	0.5625	0.5404411764705883	0.5477941176470588	0.5404411764705883
SD_015	0.9296296296296296	0.7444444444444445	0.8851851851851852	0.8629629629629628	0.8481481481481482	0.8555555555555556
SD_016	0.8968579234972678	0.6318306010928962	0.6693989071038251	0.6830601092896174	0.680327868852459	0.6871584699453552
SD_017	0.7578125	0.640625	0.671875	0.6875	0.671875	0.6875
SD_018	0.5641163793103449	0.34134615384615385	0.6045673076923077	0.4819711538461538	0.4435096153846154	0.5360576923076923
SD_019	0.7186377245508981	0.3185064935064935	0.34431818181818175	0.36022727272727273	0.35568181818181815	0.38490259740259736
SD_020	0.8018181818181819	0.31554677206851117	0.34980237154150196	0.3616600790513834	0.34189723320158105	0.37220026350461133
SD_021	0.7876984126984127	0.4254201680672269	0.4384920634920635	0.46533613445378147	0.4548319327731092	0.4737394957983193
SD_022	0.6465744400527009	0.3516651665166517	0.3728381374722838	0.38862527716186246	0.381840354767184	0.4283592017738359
SD_023	0.7541666666666667	0.3875	0.4	0.3875	0.3875	0.3875
SD_024	0.7023809523809524	0.5129870129870129	0.5779220779220778	0.5357142857142856	0.4880952380952381	0.5357142857142856
SD_025	0.6547619047619048	0.4722222222222222	0.5555555555555556	0.5555555555555556	0.4722222222222222	0.5555555555555556
SD_026	0.5	0.3333333333333333	0.3333333333333333	0.3333333333333333	0.3333333333333333	0.3333333333333333
SD_027	0.5	0.47500000000000003	0.47500000000000003	0.47500000000000003	0.47500000000000003	0.47500000000000003
SD_028	0.7	0.44285714285714284	0.44285714285714284	0.44285714285714284	0.44285714285714284	0.44285714285714284
SD_029	0.7	0.5	0.5	0.5	0.5	0.5
SD_030	0.5416666666666666	0.4583333333333333	0.4583333333333333	0.4583333333333333	0.4583333333333333	0.4583333333333333
