	NoOrder	MR	Krisk	Kdegree	Degree	eigenc
PL_001	0.7611975483262613	0.31214174048983856	0.41857738405419487	0.41101332355457765	0.39475614228089473	0.4535509106466201
PL_002	0.7614462209302326	0.3588033536585366	0.4624618902439024	0.46354166666666663	0.4601934523809524	0.4854910714285714
PL_003	0.5511111111111111	0.28962962962962957	0.34444444444444444	0.3074074074074074	0.3281481481481482	0.3562962962962963
PL_004	0.7091503267973855	0.2820855614973263	0.7116013071895424	0.6715686274509802	0.619281045751634	0.790032679738562
PL_005	0.7595075757575758	0.27551257253384914	0.49770334928229665	0.520555023923445	0.4856842105263158	0.5573397129186604
PL_006	0.7295081967213114	0.24897540983606553	0.4569672131147541	0.4887295081967213	0.4528688524590163	0.5420081967213115
PL_007	0.7690972222222222	0.3293650793650793	0.5277777777777777	0.4935185185185185	0.487962962962963	0.5768518518518517
PL_008	0.8433014354066984	0.5251196172248804	0.7236842105263158	0.7093301435406699	0.7141148325358851	0.7212918660287081
PL_009	0.8386299435028249	0.3583271923360353	0.698093220338983	0.6299435028248588	0.64795197740113	0.6857344632768362
PL_010	0.8775466893039048	0.6003820033955856	0.6924872665534805	0.705220713073005	0.6997028862478777	0.7149830220713073
PL_011	0.8241758241758242	0.38757396449704146	0.4171597633136095	0.3994082840236687	0.3994082840236687	0.4289940828402367
PL_012	0.6567398119122257	0.27163636363636373	0.3894545454545455	0.34480519480519484	0.3487012987012987	0.36038961038961037
PL_013	0.9174107142857142	0.43526785714285715	0.84375	0.8058035714285714	0.7946428571428572	0.7212301587301586
PL_014	0.7043422733077905	0.2725546058879392	0.49952516619183285	0.5622032288698955	0.47863247863247865	0.6980056980056979
PL_015	0.8856394562501433	0.3791753291753292	0.6693578193578194	0.6577038577038576	0.6561330561330561	0.6858974358974359
PL_016	0.9086807047700902	0.36405959031657353	0.7229981378026071	0.695745595186936	0.6961753330468414	0.7107864202836269
PL_017	0.9050632911392404	0.3702531645569621	0.49544303797468353	0.519240506329114	0.4908860759493672	0.5531645569620253
PL_018	0.8953601953601953	0.44511278195488724	0.6260651629072681	0.6253132832080199	0.6203007518796992	0.650375939849624
PL_019	0.8123529411764706	0.3473604826546003	0.536500754147813	0.5386123680241327	0.5428355957767723	0.565761689291101
PL_020	0.7109890109890109	0.2673992673992674	0.5463980463980465	0.5439560439560439	0.5470085470085471	0.6005494505494504
PL_021	0.7628759718863116	0.17612251072235768	0.528492107276966	0.5090939830221921	0.48151072174400245	0.6207330335838459
PL_022	0.7465608465608466	0.2511111111111111	0.5266666666666668	0.4988888888888888	0.4255555555555555	0.7444444444444445
PL_023	0.7321859903381642	0.228505291005291	0.4785628019323672	0.7032004830917874	0.490036231884058	0.8070652173913042
PL_024	0.5580808080808081	0.4111111111111111	0.5388888888888889	0.5388888888888889	0.5333333333333332	0.5444444444444444
PL_025	0.8295454545454546	0.43444055944055954	0.5847902097902097	0.6617132867132868	0.6040209790209791	0.6791958041958043
PL_026	0.5071428571428572	0.2137509850275808	0.3228920409771473	0.3800236406619385	0.28940110323089036	0.4040583136327817
PL_027	0.712962962962963	0.44656862745098036	0.6962962962962962	0.6175925925925926	0.6787037037037036	0.6185185185185186
PL_028	0.7525004386734515	0.32661870503597124	0.5652877697841726	0.6152877697841728	0.5872302158273381	0.6620503597122303
PL_029	0.8051712210307853	0.31073446327683624	0.4969733656174334	0.490574195780007	0.47587340020754065	0.6197682462815634
PL_030	0.7614555256064691	0.3948787061994609	0.6192722371967655	0.6057951482479785	0.6010781671159029	0.6327493261455527
PL_031	0.7066326530612245	0.3314108251996451	0.39710884353741494	0.385204081632653	0.3835034013605442	0.41284013605442177
PL_032	0.6904761904761905	0.38888888888888884	0.5043290043290043	0.6341991341991342	0.45238095238095233	0.6255411255411256
PL_033	0.9083710407239819	0.6640271493212669	0.664027149321267	0.6753393665158371	0.6934389140271493	0.6798642533936652
PL_034	0.8623798076923077	0.24969951923076922	0.4609375000000001	0.43960336538461536	0.4371995192307692	0.5204326923076924
PL_035	0.740009746588694	0.3121069182389937	0.36556603773584906	0.38810272536687634	0.35980083857442346	0.4085429769392033
PL_036	0.6833333333333335	0.4305555555555556	0.4861111111111111	0.46666666666666673	0.4583333333333333	0.47500000000000003
PL_037	0.775	0.5152777777777777	0.7125	0.6575	0.7425	0.64
PL_038	0.7738095238095237	0.4702380952380952	0.7410714285714285	0.6994047619047619	0.7023809523809523	0.7410714285714285
PL_039	0.8494809688581314	0.3454440599769319	0.5599769319492502	0.4965397923875432	0.5519031141868512	0.5046136101499424
PL_040	0.7389735364875701	0.29401993355481726	0.41900561347233356	0.46926910299003316	0.4069767441860465	0.6226944667201282
PL_041	0.6260315078769693	0.39784053156146176	0.5323920265780733	0.5564784053156147	0.5224252491694352	0.5565891472868217
PL_042	0.5972222222222222	0.3452380952380952	0.369047619047619	0.369047619047619	0.3452380952380952	0.369047619047619
PL_043	0.7787456445993032	0.44136960600375236	0.6402439024390244	0.6117886178861788	0.6212737127371274	0.6429539295392953
PL_044	0.7655470965815793	0.24007807417046192	0.605557313086576	0.5700104493207941	0.5741901776384535	0.6721301686818928
PL_045	0.7929864253393665	0.3324175824175824	0.4134615384615385	0.39903846153846156	0.4230769230769231	0.40625
PL_046	0.9005681818181819	0.6576704545454547	0.734375	0.7528409090909091	0.7485795454545455	0.7642045454545455
PL_047	0.8150820599886812	0.30913978494623656	0.636530843237125	0.6540747028862477	0.6464346349745331	0.7143463497453311
PL_048	0.8899717514124295	0.3336499123319696	0.6183615819209038	0.6601694915254238	0.646327683615819	0.6887005649717515
PL_049	0.9442042042042043	0.3219753086419754	0.6886419753086419	0.6783783783783784	0.6475075075075075	0.7756756756756757
PL_050	0.7142857142857143	0.3976190476190476	0.5619047619047619	0.5204081632653061	0.48775510204081635	0.5918367346938775
PL_051	0.8436507936507938	0.3115384615384615	0.6190476190476191	0.7055555555555556	0.5555555555555556	0.7007936507936509
PL_052	0.8247863247863247	0.412087912087912	0.6452991452991452	0.6504273504273503	0.5786324786324785	0.676068376068376
PL_053	0.7641551570123	0.2509566326530612	0.5139597505668934	0.4588572802858517	0.5057752267573696	0.5053768982340411
PL_054	0.7523654477653475	0.25680388793596337	0.504145225843339	0.5136455525606469	0.48502001143510576	0.5835298742138365
PL_055	0.7977564102564102	0.292854140395124	0.5433862433862434	0.578688524590164	0.5470786044556537	0.6377889869693149
PL_056	0.8354207436399219	0.2696475296290596	0.5642450361705402	0.5550715714945359	0.5578728643989534	0.5885142255005269
PL_057	0.7865232163080408	0.20191495933285286	0.539035638129636	0.5222427529753035	0.5210009735550655	0.5576284993344062
PL_058	0.8013117283950617	0.41676622859418555	0.5577459179609717	0.558542413381123	0.5681003584229392	0.5772600557546793
PL_059	0.6775147928994084	0.363905325443787	0.3520710059171598	0.363905325443787	0.36982248520710065	0.37573964497041423
SD_001	0.8061224489795917	0.45918367346938777	0.5612244897959184	0.5068027210884354	0.5408163265306122	0.5068027210884354
SD_002	0.6577060931899642	0.49999999999999994	0.4841269841269841	0.5	0.4841269841269841	0.5
SD_003	0.578125	0.3050595238095238	0.3318452380952381	0.31657608695652173	0.3002717391304348	0.31657608695652173
SD_004	0.5931818181818183	0.2120967741935484	0.2362903225806451	0.23951612903225805	0.23145161290322577	0.24758064516129027
SD_005	0.616923076923077	0.2655677655677655	0.3424908424908425	0.34615384615384615	0.2765567765567765	0.3974358974358974
SD_006	0.5470588235294117	0.3078431372549019	0.3509803921568628	0.34705882352941175	0.32745098039215687	0.35882352941176476
SD_007	0.5357142857142856	0.25283446712018137	0.25283446712018137	0.25283446712018137	0.25283446712018137	0.25283446712018137
SD_008	0.75	0.6875	0.6812499999999999	0.7124999999999999	0.6937499999999999	0.71875
SD_009	0.8134920634920635	0.41666666666666663	0.5357142857142857	0.5198412698412698	0.5753968253968254	0.6388888888888888
SD_010	0.7185714285714286	0.4928571428571428	0.4985714285714286	0.5271428571428572	0.5142857142857143	0.5314285714285716
SD_011	0.6655844155844156	0.5285714285714285	0.5857142857142856	0.5422077922077922	0.5357142857142857	0.5422077922077922
SD_012	0.7334975369458127	0.39116379310344823	0.4105603448275862	0.4321120689655172	0.4342672413793103	0.43318965517241376
SD_013	0.7842105263157895	0.4834586466165413	0.5628654970760233	0.675438596491228	0.5804093567251462	0.6461988304093567
SD_014	0.7720588235294118	0.5220588235294118	0.5404411764705883	0.5404411764705883	0.5477941176470588	0.5404411764705883
SD_015	0.8925925925925925	0.7444444444444445	0.8703703703703703	0.8555555555555555	0.8703703703703703	0.8555555555555556
SD_016	0.9672131147540983	0.6318306010928962	0.6830601092896174	0.6830601092896175	0.6769125683060109	0.6871584699453552
SD_017	0.65625	0.640625	0.671875	0.6875	0.671875	0.6875
SD_018	0.6361607142857143	0.34134615384615385	0.578125	0.4807692307692308	0.4639423076923077	0.5360576923076923
SD_019	0.530379746835443	0.3185064935064935	0.3441558441558441	0.36022727272727273	0.35211038961038965	0.38490259740259736
SD_020	0.6587878787878788	0.31554677206851117	0.34453227931488795	0.3603425559947299	0.3405797101449275	0.37220026350461133
SD_021	0.7281746031746031	0.4254201680672269	0.4590336134453781	0.46953781512605036	0.45273109243697474	0.4737394957983193
SD_022	0.7306763285024154	0.3516651665166517	0.37190687361419067	0.38862527716186246	0.3820177383592018	0.4283592017738359
SD_023	0.7125	0.3875	0.4	0.3875	0.3875	0.3875
SD_024	0.6948051948051949	0.5129870129870129	0.5779220779220778	0.5357142857142856	0.5357142857142856	0.5357142857142856
SD_025	0.6547619047619048	0.4722222222222222	0.5555555555555556	0.5555555555555556	0.5	0.5555555555555556
SD_026	0.38888888888888884	0.3333333333333333	0.3333333333333333	0.3333333333333333	0.3333333333333333	0.3333333333333333
SD_027	0.5	0.47500000000000003	0.47500000000000003	0.47500000000000003	0.47500000000000003	0.47500000000000003
SD_028	0.7	0.44285714285714284	0.44285714285714284	0.44285714285714284	0.44285714285714284	0.44285714285714284
SD_029	0.4	0.5	0.5	0.5	0.5	0.5
SD_030	0.375	0.4583333333333333	0.4583333333333333	0.4583333333333333	0.4583333333333333	0.4583333333333333
