	NoOrder	MR	Krisk	Kdegree	Degree	eigenc
PL_001	0.7966760961810466	0.31214174048983856	0.43017196456487755	0.4124801369025792	0.3947561422808948	0.45330644175528656
PL_002	0.7301962209302325	0.3588033536585366	0.4723704268292683	0.4650297619047619	0.46577380952380953	0.4854910714285714
PL_003	0.6755555555555556	0.28962962962962957	0.3637037037037037	0.3088888888888889	0.32518518518518513	0.3562962962962963
PL_004	0.7581699346405228	0.2820855614973263	0.7034313725490196	0.6601307189542482	0.6691176470588234	0.790032679738562
PL_005	0.8112878787878788	0.27551257253384914	0.4785263157894737	0.5186794258373205	0.49242105263157887	0.5573397129186604
PL_006	0.7343297974927675	0.24897540983606553	0.4620901639344262	0.4887295081967213	0.4395491803278688	0.5420081967213115
PL_007	0.7604166666666669	0.3293650793650793	0.47817460317460314	0.4935185185185185	0.44537037037037036	0.5768518518518517
PL_008	0.8456937799043064	0.5251196172248804	0.7404306220095692	0.7093301435406699	0.7356459330143541	0.7212918660287081
PL_009	0.8396892655367232	0.3583271923360353	0.6557203389830508	0.6359463276836159	0.6497175141242937	0.6857344632768362
PL_010	0.8890067911714773	0.6003820033955856	0.6899405772495755	0.7043718166383701	0.6933361629881154	0.7149830220713073
PL_011	0.6952662721893492	0.38757396449704146	0.4349112426035503	0.3994082840236687	0.39349112426035504	0.4289940828402367
PL_012	0.5956228956228956	0.27163636363636373	0.3632727272727272	0.3435064935064936	0.35584415584415585	0.36038961038961037
PL_013	0.9037698412698412	0.43526785714285715	0.8058035714285714	0.8147321428571428	0.8839285714285714	0.7212301587301586
PL_014	0.7026394210302256	0.2725546058879392	0.5009496676163343	0.5603038936372269	0.4643874643874643	0.6980056980056979
PL_015	0.8840577218439813	0.3791753291753292	0.6770616770616771	0.6582351582351582	0.6627974127974128	0.6858974358974359
PL_016	0.9071766222604212	0.36405959031657353	0.7104283054003724	0.6983240223463688	0.6856467554791577	0.7107864202836269
PL_017	0.8210126582278482	0.3702531645569621	0.4792405063291139	0.5182278481012658	0.48126582278481006	0.5531645569620253
PL_018	0.8611721611721611	0.44511278195488724	0.6167919799498747	0.6248120300751878	0.6220551378446114	0.650375939849624
PL_019	0.8211764705882353	0.3473604826546003	0.5187028657616892	0.5380090497737556	0.532579185520362	0.565761689291101
PL_020	0.6857142857142857	0.2673992673992674	0.5299145299145298	0.545054945054945	0.5384615384615384	0.6005494505494504
PL_021	0.7041164153424124	0.17612251072235768	0.522672670000534	0.5090227972451105	0.5063668313553711	0.6207330335838459
PL_022	0.752910052910053	0.2511111111111111	0.4933333333333334	0.5044444444444445	0.45444444444444443	0.7444444444444445
PL_023	0.6849747474747474	0.228505291005291	0.5401570048309179	0.7025966183574879	0.4839975845410628	0.8070652173913042
PL_024	0.8277777777777778	0.4111111111111111	0.5722222222222222	0.5444444444444444	0.5555555555555556	0.5444444444444444
PL_025	0.8592657342657344	0.43444055944055954	0.5917832167832168	0.6652097902097903	0.576048951048951	0.6791958041958043
PL_026	0.8340595497458242	0.2137509850275808	0.33747044917257685	0.3792356185973207	0.2941292356185973	0.40524034672970843
PL_027	0.9166666666666667	0.44656862745098036	0.6749999999999999	0.6212962962962962	0.6518518518518519	0.6185185185185186
PL_028	0.7995262326723986	0.32661870503597124	0.5532374100719424	0.6163669064748202	0.5638489208633094	0.6620503597122303
PL_029	0.7935835351089591	0.31073446327683624	0.48988239363542024	0.4883258388101003	0.4964545140089933	0.6197682462815634
PL_030	0.8039832285115305	0.3948787061994609	0.6091644204851753	0.6078167115902966	0.5869272237196765	0.6340970350404315
PL_031	0.7351190476190477	0.3314108251996451	0.4115646258503401	0.3864795918367347	0.39158163265306123	0.41284013605442177
PL_032	0.841991341991342	0.38888888888888884	0.5303030303030303	0.6341991341991342	0.5	0.6255411255411256
PL_033	0.8947963800904978	0.6640271493212669	0.6753393665158371	0.6753393665158371	0.6866515837104072	0.6798642533936652
PL_034	0.8221153846153846	0.24969951923076922	0.4741586538461539	0.4353966346153846	0.4489182692307692	0.5204326923076924
PL_035	0.677367941712204	0.3121069182389937	0.36818658280922434	0.38810272536687634	0.3676624737945493	0.4085429769392033
PL_036	0.6416666666666667	0.4305555555555556	0.49537037037037035	0.46666666666666673	0.45	0.47500000000000003
PL_037	0.8925000000000001	0.5152777777777777	0.7025	0.665	0.6925000000000001	0.64
PL_038	0.8660714285714285	0.4702380952380952	0.7589285714285715	0.6994047619047619	0.7053571428571429	0.7410714285714285
PL_039	0.9152249134948095	0.3454440599769319	0.5565167243367936	0.5	0.5565167243367936	0.5046136101499424
PL_040	0.7109061748195669	0.29401993355481726	0.4559800664451827	0.46926910299003316	0.41943521594684385	0.6226944667201282
PL_041	0.6717929482370592	0.39784053156146176	0.5257475083056479	0.5556478405315615	0.5323920265780732	0.5565891472868217
PL_042	0.5694444444444444	0.3452380952380952	0.3452380952380952	0.369047619047619	0.3452380952380952	0.369047619047619
PL_043	0.7574041811846689	0.44136960600375236	0.6397748592870545	0.6099819331526649	0.6104336043360433	0.6429539295392953
PL_044	0.7568890879235706	0.24007807417046192	0.5898299212123951	0.5696521868935662	0.5735482907896701	0.6721003134796237
PL_045	0.6255656108597285	0.3324175824175824	0.40625	0.4110576923076923	0.3870192307692308	0.40625
PL_046	0.9375000000000001	0.6576704545454547	0.734375	0.7528409090909091	0.7386363636363638	0.7642045454545455
PL_047	0.91893039049236	0.30913978494623656	0.6362478777589134	0.652942840973401	0.6317204301075268	0.7143463497453311
PL_048	0.900141242937853	0.3336499123319696	0.6201977401129942	0.6597457627118644	0.6309322033898305	0.6887005649717515
PL_049	0.898918918918919	0.3219753086419754	0.727037037037037	0.6792192192192192	0.7067901234567902	0.7756756756756757
PL_050	0.8714285714285713	0.3976190476190476	0.5595238095238094	0.5204081632653061	0.47755102040816316	0.5918367346938775
PL_051	0.8246031746031747	0.3115384615384615	0.5936507936507937	0.7111111111111111	0.6103174603174603	0.7007936507936509
PL_052	0.8999999999999999	0.412087912087912	0.611111111111111	0.6538461538461537	0.6213675213675213	0.676068376068376
PL_053	0.7715188116062752	0.2509566326530612	0.517892573696145	0.45779220779220775	0.5035785147392291	0.5060640417783275
PL_054	0.7493877664607336	0.25680388793596337	0.4957118353344768	0.5138420934411501	0.4738421955403087	0.5835298742138365
PL_055	0.7310096153846154	0.292854140395124	0.5603988603988603	0.5781841109709962	0.5561580496006726	0.6377889869693149
PL_056	0.7967936173415626	0.2696475296290596	0.580406341388333	0.5536555333230722	0.5440818839464368	0.5885142255005269
PL_057	0.8303133257833144	0.20191495933285286	0.5434738249007784	0.5211003159086846	0.5212990006159226	0.5576284993344062
PL_058	0.7179783950617284	0.41676622859418555	0.5461967343687774	0.5589406610911987	0.5613301473516527	0.5772600557546793
PL_059	0.7366863905325443	0.363905325443787	0.363905325443787	0.363905325443787	0.363905325443787	0.37573964497041423
SD_001	0.8537414965986394	0.45918367346938777	0.5544217687074829	0.5136054421768708	0.5544217687074829	0.5068027210884354
SD_002	0.6146953405017921	0.49999999999999994	0.5	0.5	0.4841269841269841	0.5
SD_003	0.44625000000000004	0.3050595238095238	0.31994047619047616	0.31657608695652173	0.3057065217391305	0.31657608695652173
SD_004	0.4367647058823529	0.2120967741935484	0.23467741935483868	0.23951612903225805	0.24274193548387094	0.24758064516129027
SD_005	0.5338461538461539	0.2655677655677655	0.3571428571428571	0.3608058608058608	0.26556776556776557	0.3974358974358974
SD_006	0.39206349206349206	0.3078431372549019	0.3509803921568628	0.34705882352941175	0.3431372549019608	0.35882352941176476
SD_007	0.5416666666666666	0.25283446712018137	0.25283446712018137	0.25283446712018137	0.25283446712018137	0.25283446712018137
SD_008	0.8062500000000001	0.6875	0.6875	0.7124999999999999	0.7062499999999999	0.71875
SD_009	0.8055555555555556	0.41666666666666663	0.5753968253968254	0.5198412698412698	0.5277777777777777	0.6388888888888888
SD_010	0.6885714285714285	0.4928571428571428	0.4985714285714286	0.5271428571428572	0.5142857142857143	0.5314285714285716
SD_011	0.814935064935065	0.5285714285714285	0.5714285714285714	0.5422077922077922	0.6	0.5422077922077922
SD_012	0.7266009852216748	0.39116379310344823	0.4191810344827587	0.4321120689655172	0.4267241379310344	0.43318965517241376
SD_013	0.7076023391812865	0.4834586466165413	0.5628654970760233	0.675438596491228	0.5921052631578946	0.6461988304093567
SD_014	0.8566176470588235	0.5220588235294118	0.5551470588235294	0.5441176470588236	0.5477941176470589	0.5404411764705883
SD_015	0.9222222222222222	0.7444444444444445	0.8777777777777777	0.8481481481481481	0.8703703703703703	0.8555555555555556
SD_016	0.9658469945355191	0.6318306010928962	0.6810109289617486	0.6830601092896175	0.6844262295081966	0.6871584699453552
SD_017	0.7421875	0.640625	0.671875	0.6875	0.65625	0.6875
SD_018	0.5845905172413792	0.34134615384615385	0.5661057692307692	0.4807692307692308	0.45072115384615385	0.5360576923076923
SD_019	0.8385355029585799	0.3185064935064935	0.34448051948051944	0.36022727272727273	0.35454545454545455	0.38490259740259736
SD_020	0.7812121212121212	0.31554677206851117	0.34848484848484845	0.36166007905138337	0.34716732542819495	0.37220026350461133
SD_021	0.7976190476190476	0.4254201680672269	0.44246031746031744	0.46953781512605036	0.46533613445378147	0.4737394957983193
SD_022	0.7739789196310934	0.3516651665166517	0.3718625277161862	0.38862527716186246	0.3806873614190687	0.4283592017738359
SD_023	0.4285714285714286	0.3875	0.4	0.3875	0.3875	0.3875
SD_024	0.7467532467532467	0.5129870129870129	0.551948051948052	0.5357142857142856	0.4880952380952381	0.5357142857142856
SD_025	0.5595238095238094	0.4722222222222222	0.5555555555555556	0.5555555555555556	0.5555555555555556	0.5555555555555556
SD_026	0.5	0.3333333333333333	0.3333333333333333	0.3333333333333333	0.3333333333333333	0.3333333333333333
SD_027	0.625	0.47500000000000003	0.47500000000000003	0.47500000000000003	0.47500000000000003	0.47500000000000003
SD_028	0.575	0.44285714285714284	0.44285714285714284	0.44285714285714284	0.44285714285714284	0.44285714285714284
SD_029	0.5	0.5	0.5	0.5	0.5	0.5
SD_030	0.5416666666666666	0.4583333333333333	0.4583333333333333	0.4583333333333333	0.4583333333333333	0.4583333333333333
