	NoOrder	MR	Krisk	Kdegree	Degree	eigenc
PL_001	0.6271805752003771	0.31214174048983856	0.4193590411672746	0.4117467302285784	0.3942672044982276	0.4535509106466201
PL_002	0.6553415697674418	0.3588033536585366	0.4605564024390244	0.4650297619047619	0.45126488095238093	0.4854910714285714
PL_003	0.6622222222222223	0.28962962962962957	0.3296296296296296	0.3074074074074074	0.3296296296296296	0.3562962962962963
PL_004	0.8333333333333333	0.2820855614973263	0.6821895424836601	0.6691176470588234	0.690359477124183	0.790032679738562
PL_005	0.7849999999999999	0.27551257253384914	0.4931483253588517	0.5193301435406699	0.48488038277511963	0.5573397129186604
PL_006	0.7468659594985536	0.24897540983606553	0.4456967213114754	0.48668032786885246	0.46926229508196715	0.5420081967213115
PL_007	0.8948412698412699	0.3293650793650793	0.4722222222222222	0.4916666666666667	0.4472222222222222	0.5768518518518517
PL_008	0.8122009569377989	0.5251196172248804	0.6854066985645934	0.7093301435406699	0.7045454545454546	0.7212918660287081
PL_009	0.8001412429378534	0.3583271923360353	0.6288841807909604	0.6377118644067798	0.6412429378531074	0.6857344632768362
PL_010	0.9280560271646858	0.6003820033955856	0.7001273344651953	0.7047962648556876	0.6997028862478778	0.7149830220713073
PL_011	0.7142857142857142	0.38757396449704146	0.4526627218934911	0.3994082840236687	0.4171597633136095	0.4289940828402367
PL_012	0.603448275862069	0.27163636363636373	0.37927272727272726	0.3428571428571428	0.32662337662337665	0.36038961038961037
PL_013	0.7867063492063491	0.43526785714285715	0.7946428571428572	0.7271825396825395	0.7529761904761905	0.7212301587301586
PL_014	0.6652421652421652	0.2725546058879392	0.5104463437796771	0.5612535612535612	0.4829059829059829	0.6980056980056979
PL_015	0.922890447699608	0.3791753291753292	0.663039963039963	0.6583391083391084	0.6622314622314622	0.6858974358974359
PL_016	0.8727975934679846	0.36405959031657353	0.7614059590316573	0.6968199398366997	0.6695315857327031	0.7107864202836269
PL_017	0.877215189873418	0.3702531645569621	0.49240506329113926	0.5182278481012658	0.49645569620253166	0.5531645569620253
PL_018	0.8963369963369963	0.44511278195488724	0.6248120300751879	0.62531328320802	0.625814536340852	0.650375939849624
PL_019	0.7847058823529411	0.3473604826546003	0.5313725490196077	0.5358974358974359	0.5319758672699849	0.565761689291101
PL_020	0.7258241758241758	0.2673992673992674	0.5586080586080586	0.5445054945054945	0.5036630036630036	0.6005494505494504
PL_021	0.7708945412047332	0.17612251072235768	0.5169422149454539	0.509129575910733	0.5015660870957983	0.6207330335838459
PL_022	0.5529100529100529	0.2511111111111111	0.4788888888888888	0.5077777777777778	0.4522222222222222	0.7444444444444445
PL_023	0.742451690821256	0.228505291005291	0.49667874396135264	0.7032004830917874	0.48641304347826086	0.8070652173913042
PL_024	0.6843434343434344	0.4111111111111111	0.5666666666666667	0.5388888888888889	0.5333333333333332	0.5444444444444444
PL_025	0.8802447552447552	0.43444055944055954	0.5935314685314685	0.6652097902097903	0.5952797202797202	0.6791958041958043
PL_026	0.6732804232804233	0.2137509850275808	0.3146178092986603	0.3815996847911741	0.28191489361702127	0.40524034672970843
PL_027	0.8537037037037036	0.44656862745098036	0.6972222222222222	0.6175925925925926	0.6842592592592592	0.6185185185185186
PL_028	0.8460256185295666	0.32661870503597124	0.5669064748201439	0.6174460431654676	0.5762589928057553	0.6620503597122303
PL_029	0.7941023867173987	0.31073446327683624	0.5111553095814596	0.48867173988239365	0.4928225527499135	0.6197682462815634
PL_030	0.7533692722371969	0.3948787061994609	0.5997304582210243	0.6064690026954179	0.5950134770889487	0.6327493261455527
PL_031	0.6806972789115646	0.3314108251996451	0.40561224489795916	0.3852040816326531	0.3873299319727891	0.41284013605442177
PL_032	0.8246753246753247	0.38888888888888884	0.5389610389610389	0.6255411255411256	0.49134199134199125	0.6255411255411256
PL_033	0.8631221719457014	0.6640271493212669	0.6730769230769231	0.6753393665158371	0.6843891402714932	0.6798642533936652
PL_034	0.83203125	0.24969951923076922	0.4594350961538462	0.43689903846153844	0.4537259615384617	0.5204326923076924
PL_035	0.61908014571949	0.3121069182389937	0.36556603773584906	0.3891509433962264	0.3592767295597485	0.4085429769392033
PL_036	0.7000000000000001	0.4305555555555556	0.4953703703703703	0.46666666666666673	0.4583333333333333	0.47500000000000003
PL_037	0.8474999999999999	0.5152777777777777	0.7000000000000001	0.665	0.6825	0.64
PL_038	0.875	0.4702380952380952	0.6815476190476191	0.6934523809523809	0.7797619047619048	0.7410714285714285
PL_039	0.8575547866205305	0.3454440599769319	0.5807381776239907	0.4999999999999999	0.5207612456747405	0.5046136101499424
PL_040	0.5994386527666399	0.29401993355481726	0.4294306335204491	0.46926910299003316	0.42192691029900325	0.6226944667201282
PL_041	0.7250562640660164	0.39784053156146176	0.5265780730897011	0.5556478405315615	0.5224252491694352	0.5565891472868217
PL_042	0.37121212121212116	0.3452380952380952	0.369047619047619	0.369047619047619	0.369047619047619	0.369047619047619
PL_043	0.8475609756097562	0.44136960600375236	0.6435272045028143	0.6117886178861788	0.6244354110207768	0.6429539295392953
PL_044	0.7653679653679655	0.24007807417046192	0.5845121344963167	0.5702791461412151	0.5824749962680997	0.6721152410807583
PL_045	0.7635746606334841	0.3324175824175824	0.4254807692307692	0.3942307692307692	0.4182692307692308	0.40625
PL_046	0.9119318181818182	0.6576704545454547	0.7272727272727274	0.7528409090909091	0.7428977272727274	0.7642045454545455
PL_047	0.8926146010186757	0.30913978494623656	0.6243633276740238	0.652942840973401	0.6577532541029995	0.7143463497453311
PL_048	0.8992937853107346	0.3336499123319696	0.632909604519774	0.6601694915254237	0.6368644067796609	0.6887005649717515
PL_049	0.8795795795795796	0.3219753086419754	0.6888888888888889	0.6771771771771773	0.6995061728395061	0.7756756756756757
PL_050	0.8061224489795918	0.3976190476190476	0.5261904761904761	0.5163265306122449	0.4836734693877551	0.5918367346938775
PL_051	0.8111111111111111	0.3115384615384615	0.642063492063492	0.6976190476190477	0.5404761904761904	0.7007936507936509
PL_052	0.7786324786324788	0.412087912087912	0.6452991452991452	0.6452991452991452	0.6333333333333333	0.676068376068376
PL_053	0.7136501065072494	0.2509566326530612	0.5120110544217688	0.4597849240706383	0.4981221655328798	0.5054112554112554
PL_054	0.734248900762509	0.25680388793596337	0.5157232704402516	0.5129997753818508	0.4815894797026873	0.5835298742138365
PL_055	0.7674679487179488	0.292854140395124	0.5637362637362637	0.5774274905422446	0.5617906683480454	0.6377889869693149
PL_056	0.7852325756435345	0.2696475296290596	0.5636601508388488	0.5540249345851932	0.5541480683392335	0.5885142255005269
PL_057	0.8186306649977151	0.20191495933285286	0.5288227071919032	0.5219745286205321	0.507152649460571	0.5576284993344062
PL_058	0.8263888888888888	0.41676622859418555	0.5541616885702907	0.557347670250896	0.5696933492632417	0.5772600557546793
PL_059	0.7781065088757397	0.363905325443787	0.3520710059171598	0.3520710059171598	0.363905325443787	0.37573964497041423
SD_001	0.846938775510204	0.45918367346938777	0.5476190476190477	0.5136054421768708	0.5408163265306122	0.5068027210884354
SD_002	0.6397849462365591	0.49999999999999994	0.5	0.5	0.5	0.5
SD_003	0.59375	0.3050595238095238	0.3169642857142857	0.31657608695652173	0.3111413043478261	0.31657608695652173
SD_004	0.5205882352941176	0.2120967741935484	0.24596774193548385	0.23951612903225805	0.23306451612903223	0.24758064516129027
SD_005	0.7179487179487178	0.2655677655677655	0.39010989010989006	0.3534798534798535	0.26556776556776557	0.3974358974358974
SD_006	0.6122807017543861	0.3078431372549019	0.3509803921568628	0.34705882352941175	0.3470588235294118	0.35882352941176476
SD_007	0.41146881287726356	0.25283446712018137	0.25283446712018137	0.25283446712018137	0.25283446712018137	0.25283446712018137
SD_008	0.7749999999999999	0.6875	0.6875	0.7124999999999999	0.7	0.71875
SD_009	0.7341269841269841	0.41666666666666663	0.5992063492063492	0.4801587301587301	0.5595238095238095	0.6388888888888888
SD_010	0.6814285714285714	0.4928571428571428	0.4985714285714286	0.5271428571428572	0.5142857142857143	0.5314285714285716
SD_011	0.6915584415584416	0.5285714285714285	0.5857142857142856	0.5422077922077922	0.5551948051948052	0.5422077922077922
SD_012	0.5758620689655173	0.39116379310344823	0.41056034482758613	0.4321120689655172	0.4224137931034482	0.43318965517241376
SD_013	0.804093567251462	0.4834586466165413	0.5628654970760233	0.675438596491228	0.5847953216374268	0.6461988304093567
SD_014	0.8014705882352942	0.5220588235294118	0.5330882352941178	0.5404411764705883	0.5441176470588236	0.5404411764705883
SD_015	0.9296296296296296	0.7444444444444445	0.8851851851851852	0.8629629629629629	0.8629629629629629	0.8555555555555556
SD_016	0.9590163934426229	0.6318306010928962	0.6755464480874316	0.6823770491803278	0.6762295081967211	0.6871584699453552
SD_017	0.7109375	0.640625	0.671875	0.6875	0.65625	0.6875
SD_018	0.515625	0.34134615384615385	0.59375	0.4807692307692307	0.4675480769230769	0.5360576923076923
SD_019	0.6286242603550296	0.3185064935064935	0.34399350649350646	0.36022727272727273	0.3538961038961039	0.38490259740259736
SD_020	0.6442424242424243	0.31554677206851117	0.3432147562582345	0.3590250329380764	0.3458498023715415	0.37220026350461133
SD_021	0.8115079365079366	0.4254201680672269	0.46323529411764697	0.4674369747899159	0.45693277310924363	0.4737394957983193
SD_022	0.7653271848924021	0.3516651665166517	0.37332594235033256	0.388580931263858	0.38277161862527714	0.4283592017738359
SD_023	0.7041666666666666	0.3875	0.4	0.3875	0.3875	0.3875
SD_024	0.5952380952380952	0.5129870129870129	0.5259740259740259	0.5357142857142856	0.5238095238095237	0.5357142857142856
SD_025	0.75	0.4722222222222222	0.5833333333333335	0.5555555555555556	0.4722222222222222	0.5555555555555556
SD_026	0.2777777777777778	0.3333333333333333	0.3333333333333333	0.3333333333333333	0.3333333333333333	0.3333333333333333
SD_027	0.55	0.47500000000000003	0.47500000000000003	0.47500000000000003	0.47500000000000003	0.47500000000000003
SD_028	0.6142857142857142	0.44285714285714284	0.44285714285714284	0.44285714285714284	0.44285714285714284	0.44285714285714284
SD_029	0.35	0.5	0.5	0.5	0.5	0.5
SD_030	0.425	0.4583333333333333	0.4583333333333333	0.4583333333333333	0.4583333333333333	0.4583333333333333
