	NoOrder	MR	Krisk	Kdegree	Degree	eigenc
PL_001	0.7445780292314945	0.31214174048983856	0.4253517457008859	0.41162449578291166	0.40037892678156706	0.4535509106466201
PL_002	0.7454578488372092	0.3588033536585366	0.483422256097561	0.46354166666666663	0.4564732142857143	0.48586309523809523
PL_003	0.638888888888889	0.28962962962962957	0.3281481481481482	0.3088888888888889	0.33259259259259255	0.3562962962962963
PL_004	0.8055555555555556	0.2820855614973263	0.6356209150326797	0.6715686274509802	0.696078431372549	0.790032679738562
PL_005	0.7515530303030302	0.27551257253384914	0.47913875598086125	0.5193301435406699	0.4867942583732057	0.5573397129186604
PL_006	0.7555448408871746	0.24897540983606553	0.4436475409836065	0.48668032786885246	0.43545081967213106	0.5420081967213115
PL_007	0.7291666666666666	0.3293650793650793	0.4821428571428571	0.4935185185185185	0.46388888888888885	0.5768518518518517
PL_008	0.8815789473684211	0.5251196172248804	0.7236842105263158	0.7093301435406699	0.6973684210526314	0.7212918660287081
PL_009	0.8252118644067798	0.3583271923360353	0.6631355932203391	0.6288841807909604	0.6606638418079096	0.6857344632768362
PL_010	0.9352716468590832	0.6003820033955856	0.6848471986417657	0.7043718166383701	0.6941850594227504	0.7149830220713073
PL_011	0.7087912087912088	0.38757396449704146	0.4349112426035503	0.3994082840236687	0.39349112426035504	0.4289940828402367
PL_012	0.8162337662337661	0.27163636363636373	0.3923636363636363	0.34480519480519484	0.35324675324675325	0.36038961038961037
PL_013	0.8581349206349205	0.43526785714285715	0.7834821428571428	0.8013392857142856	0.8459821428571428	0.7212301587301586
PL_014	0.7354193273733503	0.2725546058879392	0.49335232668566	0.5622032288698955	0.48670465337131996	0.6980056980056979
PL_015	0.9486108245650231	0.3791753291753292	0.6613652113652113	0.658050358050358	0.6513167013167014	0.6858974358974359
PL_016	0.9082509669101848	0.36405959031657353	0.7246275605214153	0.6981091534164161	0.6590030081650193	0.7107864202836269
PL_017	0.7967088607594935	0.3702531645569621	0.4853164556962025	0.5187341772151899	0.47367088607594926	0.5531645569620253
PL_018	0.8101343101343101	0.44511278195488724	0.6190476190476191	0.625062656641604	0.625062656641604	0.650375939849624
PL_019	0.7479411764705884	0.3473604826546003	0.531372549019608	0.536500754147813	0.5434389140271493	0.565761689291101
PL_020	0.7148351648351648	0.2673992673992674	0.5726495726495726	0.5390109890109889	0.5512820512820513	0.6005494505494504
PL_021	0.7544029087603681	0.17612251072235768	0.5031855635244078	0.5091117794664626	0.5309836094748269	0.6207330335838459
PL_022	0.5656084656084657	0.2511111111111111	0.5722222222222221	0.49666666666666665	0.441111111111111	0.7444444444444445
PL_023	0.6379830917874396	0.228505291005291	0.4719202898550724	0.7044082125603864	0.4658816425120773	0.8070652173913042
PL_024	0.7146464646464646	0.4111111111111111	0.6	0.5555555555555555	0.5222222222222221	0.5444444444444444
PL_025	0.7998251748251749	0.43444055944055954	0.6022727272727273	0.6652097902097903	0.597027972027972	0.6791958041958043
PL_026	0.403968253968254	0.2137509850275808	0.3303782505910165	0.3804176516942474	0.27442868400315207	0.4064223798266351
PL_027	0.8351851851851853	0.44656862745098036	0.6657407407407407	0.6138888888888889	0.6722222222222223	0.6185185185185186
PL_028	0.7867169678891033	0.32661870503597124	0.5697841726618705	0.6201438848920863	0.5564748201438849	0.6620503597122303
PL_029	0.8084572812175718	0.31073446327683624	0.5078692493946732	0.4846938775510204	0.46705292286406086	0.6197682462815634
PL_030	0.7061994609164421	0.3948787061994609	0.6334231805929919	0.6078167115902966	0.5923180592991913	0.6327493261455527
PL_031	0.7789115646258504	0.3314108251996451	0.4187925170068027	0.38605442176870747	0.3843537414965986	0.41284013605442177
PL_032	0.6991341991341992	0.38888888888888884	0.5432900432900433	0.6341991341991342	0.4826839826839826	0.6255411255411256
PL_033	0.8699095022624435	0.6640271493212669	0.6662895927601811	0.6753393665158371	0.6798642533936652	0.6798642533936652
PL_034	0.9371995192307693	0.24969951923076922	0.47686298076923084	0.44050480769230765	0.44831730769230765	0.5204326923076924
PL_035	0.758879781420765	0.3121069182389937	0.36556603773584906	0.38810272536687634	0.36032494758909855	0.4085429769392033
PL_036	0.7	0.4305555555555556	0.45	0.46666666666666673	0.45	0.47500000000000003
PL_037	0.8	0.5152777777777777	0.7775000000000001	0.6599999999999999	0.6675	0.64
PL_038	0.8184523809523809	0.4702380952380952	0.7589285714285715	0.6994047619047619	0.7678571428571429	0.7410714285714285
PL_039	0.8771626297577855	0.3454440599769319	0.5611303344867359	0.5023068050749712	0.5484429065743944	0.5046136101499424
PL_040	0.6820368885324779	0.29401993355481726	0.43985565356856454	0.46926910299003316	0.4186046511627907	0.6226944667201282
PL_041	0.7250562640660165	0.39784053156146176	0.5307308970099669	0.5564784053156147	0.5249169435215948	0.5565891472868217
PL_042	0.5277777777777778	0.3452380952380952	0.3452380952380952	0.369047619047619	0.369047619047619	0.369047619047619
PL_043	0.7935540069686412	0.44136960600375236	0.6341463414634146	0.6122402890695573	0.6135953026196929	0.6429539295392953
PL_044	0.7694133452754142	0.24007807417046192	0.5905982133441797	0.5702045081355427	0.5567995223167638	0.6721301686818928
PL_045	0.7409502262443439	0.3324175824175824	0.3822115384615385	0.40625	0.4134615384615385	0.40625
PL_046	0.9090909090909092	0.6576704545454547	0.7301136363636365	0.7528409090909091	0.7457386363636364	0.7642045454545455
PL_047	0.8892190152801358	0.30913978494623656	0.6039898132427844	0.6540747028862477	0.6455857385398981	0.7143463497453311
PL_048	0.8491379310344828	0.3336499123319696	0.630225988700565	0.6587570621468927	0.6409604519774011	0.6887005649717515
PL_049	0.9074474474474474	0.3219753086419754	0.7323456790123457	0.6774174174174175	0.674567901234568	0.7756756756756757
PL_050	0.7000000000000001	0.3976190476190476	0.6047619047619047	0.5081632653061225	0.5020408163265306	0.5918367346938775
PL_051	0.7968253968253969	0.3115384615384615	0.6412698412698412	0.707936507936508	0.5634920634920635	0.7007936507936509
PL_052	0.8487179487179487	0.412087912087912	0.6572649572649572	0.652136752136752	0.6162393162393162	0.676068376068376
PL_053	0.7531265031265031	0.2509566326530612	0.5078656462585034	0.4586511372225658	0.5078656462585034	0.5057891843606129
PL_054	0.7320024707996406	0.25680388793596337	0.5047455688965123	0.5134770889487871	0.48793596340766154	0.5835298742138365
PL_055	0.7589743589743589	0.292854140395124	0.5584452584452585	0.5776796973518286	0.569777217318201	0.6377889869693149
PL_056	0.7883335842239951	0.2696475296290596	0.5677235647221794	0.5545174696013544	0.5482068647067877	0.5885142255005269
PL_057	0.8348632055790666	0.20191495933285286	0.5353728587024171	0.5217957123840178	0.5409333455766072	0.5576284993344062
PL_058	0.8152006172839505	0.41676622859418555	0.551373954599761	0.55973715651135	0.5653126244524094	0.5772600557546793
PL_059	0.760355029585799	0.363905325443787	0.3520710059171598	0.363905325443787	0.36982248520710065	0.37573964497041423
SD_001	0.8877551020408163	0.45918367346938777	0.5612244897959183	0.5068027210884354	0.5272108843537414	0.5068027210884354
SD_002	0.6935483870967742	0.49999999999999994	0.4841269841269841	0.5	0.5	0.5
SD_003	0.57875	0.3050595238095238	0.337797619047619	0.31657608695652173	0.30842391304347827	0.31657608695652173
SD_004	0.5676470588235294	0.2120967741935484	0.2411290322580645	0.23951612903225805	0.22661290322580643	0.24758064516129027
SD_005	0.6046153846153847	0.2655677655677655	0.3571428571428571	0.3608058608058608	0.2765567765567765	0.3974358974358974
SD_006	0.4587301587301587	0.3078431372549019	0.3627450980392157	0.34705882352941175	0.3392156862745099	0.35882352941176476
SD_007	0.6746031746031746	0.25283446712018137	0.25283446712018137	0.25283446712018137	0.25283446712018137	0.25283446712018137
SD_008	0.8062500000000001	0.6875	0.6875	0.7124999999999999	0.7124999999999999	0.71875
SD_009	0.7182539682539683	0.41666666666666663	0.5357142857142856	0.4801587301587301	0.5912698412698413	0.6388888888888888
SD_010	0.6985714285714285	0.4928571428571428	0.4985714285714286	0.5271428571428572	0.5128571428571429	0.5314285714285716
SD_011	0.6590909090909092	0.5285714285714285	0.5785714285714285	0.5422077922077922	0.6071428571428571	0.5422077922077922
SD_012	0.6527093596059114	0.39116379310344823	0.4148706896551724	0.4321120689655172	0.4256465517241379	0.43318965517241376
SD_013	0.7383040935672515	0.4834586466165413	0.5628654970760233	0.675438596491228	0.5950292397660818	0.6461988304093567
SD_014	0.7683823529411764	0.5220588235294118	0.5514705882352942	0.5404411764705883	0.5441176470588235	0.5404411764705883
SD_015	0.9074074074074074	0.7444444444444445	0.8703703703703703	0.8629629629629628	0.8703703703703703	0.8555555555555556
SD_016	0.9112021857923497	0.6318306010928962	0.680327868852459	0.6830601092896174	0.6837431693989071	0.6871584699453552
SD_017	0.7109375	0.640625	0.671875	0.6875	0.671875	0.6875
SD_018	0.7193287037037037	0.34134615384615385	0.5480769230769231	0.4807692307692307	0.4651442307692307	0.5360576923076923
SD_019	0.7913461538461539	0.3185064935064935	0.34431818181818175	0.36022727272727273	0.35438311688311686	0.38490259740259736
SD_020	0.693939393939394	0.31554677206851117	0.34716732542819495	0.3603425559947299	0.35243741765480896	0.37220026350461133
SD_021	0.8194444444444444	0.4254201680672269	0.44047619047619047	0.47163865546218486	0.4590336134453781	0.4737394957983193
SD_022	0.7096398770311814	0.3516651665166517	0.3715964523281597	0.38858093126385806	0.38223946784922397	0.4283592017738359
SD_023	0.48749999999999993	0.3875	0.4	0.3875	0.3875	0.3875
SD_024	0.607142857142857	0.5129870129870129	0.5389610389610389	0.5357142857142856	0.5357142857142856	0.5357142857142856
SD_025	0.4880952380952381	0.4722222222222222	0.5555555555555556	0.5555555555555556	0.5	0.5555555555555556
SD_026	0.38888888888888884	0.3333333333333333	0.3333333333333333	0.3333333333333333	0.3333333333333333	0.3333333333333333
SD_027	0.5	0.47500000000000003	0.47500000000000003	0.47500000000000003	0.47500000000000003	0.47500000000000003
SD_028	0.55	0.44285714285714284	0.44285714285714284	0.44285714285714284	0.44285714285714284	0.44285714285714284
SD_029	0.6000000000000001	0.5	0.5	0.5	0.5	0.5
SD_030	0.575	0.4583333333333333	0.4583333333333333	0.4583333333333333	0.4583333333333333	0.4583333333333333
