0.0000  1.0000 
0.0196  1.0000 
0.0392  1.0000 
0.0588  1.0000 
0.0784  1.0000 
0.0980  1.0000 
0.1176  1.0000 
0.1373  1.0000 
0.1569  1.0000 
0.1765  1.0000 
0.1961  1.0000 
0.2157  1.0000 
0.2353  1.0000 
0.2549  1.0000 
0.2745  1.0000 
0.2941  1.0000 
0.3137  1.0000 
0.3333  1.0000 
0.3529  1.0000 
0.3725  1.0000 
0.3922  1.0000 
0.4118  0.9412 
0.4314  0.9412 
0.4510  0.9412 
0.4706  0.9412 
0.4902  0.9412 
0.5098  0.9412 
0.5294  0.9412 
0.5490  0.8824 
0.5686  0.8824 
0.5882  0.8824 
0.6078  0.8824 
0.6275  0.7647 
0.6471  0.7647 
0.6667  0.7647 
0.6863  0.7647 
0.7059  0.7647 
0.7255  0.7647 
0.7451  0.7059 
0.7647  0.7059 
0.7843  0.7059 
0.8039  0.7059 
0.8235  0.7059 
0.8431  0.7059 
0.8627  0.6471 
0.8824  0.6471 
0.9020  0.5294 
0.9216  0.5294 
0.9412  0.4118 
0.9608  0.3529 
0.9804  0.0000 
1.0000  0.0000 
