0.0000  1.0000 
0.0011  1.0000 
0.0023  1.0000 
0.0034  1.0000 
0.0045  1.0000 
0.0057  1.0000 
0.0068  1.0000 
0.0079  1.0000 
0.0091  1.0000 
0.0102  1.0000 
0.0113  1.0000 
0.0125  1.0000 
0.0136  1.0000 
0.0147  1.0000 
0.0159  1.0000 
0.0170  1.0000 
0.0181  1.0000 
0.0193  1.0000 
0.0204  1.0000 
0.0215  1.0000 
0.0227  1.0000 
0.0238  1.0000 
0.0249  1.0000 
0.0260  1.0000 
0.0272  1.0000 
0.0283  1.0000 
0.0294  1.0000 
0.0306  1.0000 
0.0317  1.0000 
0.0328  1.0000 
0.0340  1.0000 
0.0351  1.0000 
0.0362  1.0000 
0.0374  1.0000 
0.0385  1.0000 
0.0396  1.0000 
0.0408  1.0000 
0.0419  1.0000 
0.0430  1.0000 
0.0442  1.0000 
0.0453  1.0000 
0.0464  1.0000 
0.0476  1.0000 
0.0487  1.0000 
0.0498  1.0000 
0.0510  1.0000 
0.0521  1.0000 
0.0532  1.0000 
0.0544  1.0000 
0.0555  1.0000 
0.0566  1.0000 
0.0578  1.0000 
0.0589  1.0000 
0.0600  1.0000 
0.0612  1.0000 
0.0623  1.0000 
0.0634  1.0000 
0.0646  1.0000 
0.0657  1.0000 
0.0668  1.0000 
0.0680  1.0000 
0.0691  1.0000 
0.0702  1.0000 
0.0713  1.0000 
0.0725  1.0000 
0.0736  1.0000 
0.0747  1.0000 
0.0759  1.0000 
0.0770  1.0000 
0.0781  1.0000 
0.0793  1.0000 
0.0804  1.0000 
0.0815  1.0000 
0.0827  1.0000 
0.0838  1.0000 
0.0849  1.0000 
0.0861  1.0000 
0.0872  1.0000 
0.0883  1.0000 
0.0895  1.0000 
0.0906  1.0000 
0.0917  1.0000 
0.0929  1.0000 
0.0940  1.0000 
0.0951  1.0000 
0.0963  1.0000 
0.0974  1.0000 
0.0985  1.0000 
0.0997  1.0000 
0.1008  1.0000 
0.1019  1.0000 
0.1031  1.0000 
0.1042  1.0000 
0.1053  1.0000 
0.1065  1.0000 
0.1076  1.0000 
0.1087  1.0000 
0.1099  1.0000 
0.1110  1.0000 
0.1121  1.0000 
0.1133  1.0000 
0.1144  1.0000 
0.1155  1.0000 
0.1166  1.0000 
0.1178  1.0000 
0.1189  1.0000 
0.1200  1.0000 
0.1212  1.0000 
0.1223  1.0000 
0.1234  1.0000 
0.1246  1.0000 
0.1257  1.0000 
0.1268  1.0000 
0.1280  1.0000 
0.1291  1.0000 
0.1302  1.0000 
0.1314  1.0000 
0.1325  1.0000 
0.1336  1.0000 
0.1348  1.0000 
0.1359  1.0000 
0.1370  1.0000 
0.1382  1.0000 
0.1393  1.0000 
0.1404  1.0000 
0.1416  1.0000 
0.1427  1.0000 
0.1438  1.0000 
0.1450  1.0000 
0.1461  1.0000 
0.1472  1.0000 
0.1484  1.0000 
0.1495  1.0000 
0.1506  1.0000 
0.1518  0.9912 
0.1529  0.9912 
0.1540  0.9912 
0.1552  0.9912 
0.1563  0.9912 
0.1574  0.9912 
0.1586  0.9912 
0.1597  0.9912 
0.1608  0.9912 
0.1619  0.9912 
0.1631  0.9912 
0.1642  0.9912 
0.1653  0.9912 
0.1665  0.9825 
0.1676  0.9825 
0.1687  0.9825 
0.1699  0.9825 
0.1710  0.9825 
0.1721  0.9825 
0.1733  0.9825 
0.1744  0.9825 
0.1755  0.9825 
0.1767  0.9825 
0.1778  0.9825 
0.1789  0.9825 
0.1801  0.9825 
0.1812  0.9825 
0.1823  0.9825 
0.1835  0.9825 
0.1846  0.9825 
0.1857  0.9825 
0.1869  0.9825 
0.1880  0.9825 
0.1891  0.9825 
0.1903  0.9825 
0.1914  0.9825 
0.1925  0.9825 
0.1937  0.9825 
0.1948  0.9825 
0.1959  0.9825 
0.1971  0.9825 
0.1982  0.9825 
0.1993  0.9825 
0.2005  0.9825 
0.2016  0.9825 
0.2027  0.9825 
0.2039  0.9825 
0.2050  0.9825 
0.2061  0.9825 
0.2072  0.9825 
0.2084  0.9825 
0.2095  0.9825 
0.2106  0.9825 
0.2118  0.9825 
0.2129  0.9825 
0.2140  0.9825 
0.2152  0.9825 
0.2163  0.9825 
0.2174  0.9825 
0.2186  0.9825 
0.2197  0.9825 
0.2208  0.9825 
0.2220  0.9825 
0.2231  0.9825 
0.2242  0.9825 
0.2254  0.9825 
0.2265  0.9825 
0.2276  0.9825 
0.2288  0.9825 
0.2299  0.9825 
0.2310  0.9825 
0.2322  0.9825 
0.2333  0.9825 
0.2344  0.9825 
0.2356  0.9825 
0.2367  0.9825 
0.2378  0.9825 
0.2390  0.9825 
0.2401  0.9825 
0.2412  0.9825 
0.2424  0.9825 
0.2435  0.9825 
0.2446  0.9825 
0.2458  0.9825 
0.2469  0.9825 
0.2480  0.9825 
0.2492  0.9825 
0.2503  0.9825 
0.2514  0.9825 
0.2525  0.9825 
0.2537  0.9825 
0.2548  0.9825 
0.2559  0.9825 
0.2571  0.9825 
0.2582  0.9825 
0.2593  0.9825 
0.2605  0.9825 
0.2616  0.9825 
0.2627  0.9825 
0.2639  0.9825 
0.2650  0.9825 
0.2661  0.9825 
0.2673  0.9825 
0.2684  0.9825 
0.2695  0.9825 
0.2707  0.9825 
0.2718  0.9825 
0.2729  0.9825 
0.2741  0.9825 
0.2752  0.9825 
0.2763  0.9825 
0.2775  0.9825 
0.2786  0.9825 
0.2797  0.9825 
0.2809  0.9825 
0.2820  0.9825 
0.2831  0.9825 
0.2843  0.9825 
0.2854  0.9825 
0.2865  0.9825 
0.2877  0.9825 
0.2888  0.9825 
0.2899  0.9825 
0.2911  0.9825 
0.2922  0.9825 
0.2933  0.9825 
0.2945  0.9825 
0.2956  0.9825 
0.2967  0.9825 
0.2978  0.9825 
0.2990  0.9825 
0.3001  0.9825 
0.3012  0.9825 
0.3024  0.9825 
0.3035  0.9825 
0.3046  0.9825 
0.3058  0.9825 
0.3069  0.9825 
0.3080  0.9825 
0.3092  0.9825 
0.3103  0.9825 
0.3114  0.9825 
0.3126  0.9825 
0.3137  0.9825 
0.3148  0.9825 
0.3160  0.9825 
0.3171  0.9825 
0.3182  0.9825 
0.3194  0.9825 
0.3205  0.9825 
0.3216  0.9825 
0.3228  0.9825 
0.3239  0.9825 
0.3250  0.9825 
0.3262  0.9825 
0.3273  0.9825 
0.3284  0.9825 
0.3296  0.9825 
0.3307  0.9825 
0.3318  0.9825 
0.3330  0.9825 
0.3341  0.9825 
0.3352  0.9825 
0.3364  0.9825 
0.3375  0.9825 
0.3386  0.9825 
0.3398  0.9825 
0.3409  0.9825 
0.3420  0.9825 
0.3431  0.9825 
0.3443  0.9825 
0.3454  0.9825 
0.3465  0.9825 
0.3477  0.9825 
0.3488  0.9825 
0.3499  0.9825 
0.3511  0.9825 
0.3522  0.9825 
0.3533  0.9825 
0.3545  0.9825 
0.3556  0.9825 
0.3567  0.9825 
0.3579  0.9825 
0.3590  0.9825 
0.3601  0.9825 
0.3613  0.9825 
0.3624  0.9825 
0.3635  0.9825 
0.3647  0.9825 
0.3658  0.9825 
0.3669  0.9825 
0.3681  0.9825 
0.3692  0.9825 
0.3703  0.9825 
0.3715  0.9825 
0.3726  0.9825 
0.3737  0.9825 
0.3749  0.9825 
0.3760  0.9825 
0.3771  0.9825 
0.3783  0.9825 
0.3794  0.9825 
0.3805  0.9825 
0.3817  0.9825 
0.3828  0.9825 
0.3839  0.9825 
0.3851  0.9825 
0.3862  0.9825 
0.3873  0.9825 
0.3884  0.9825 
0.3896  0.9825 
0.3907  0.9825 
0.3918  0.9825 
0.3930  0.9825 
0.3941  0.9825 
0.3952  0.9825 
0.3964  0.9825 
0.3975  0.9825 
0.3986  0.9825 
0.3998  0.9825 
0.4009  0.9825 
0.4020  0.9825 
0.4032  0.9825 
0.4043  0.9825 
0.4054  0.9825 
0.4066  0.9825 
0.4077  0.9825 
0.4088  0.9825 
0.4100  0.9825 
0.4111  0.9825 
0.4122  0.9825 
0.4134  0.9825 
0.4145  0.9825 
0.4156  0.9825 
0.4168  0.9825 
0.4179  0.9825 
0.4190  0.9825 
0.4202  0.9825 
0.4213  0.9825 
0.4224  0.9737 
0.4236  0.9737 
0.4247  0.9737 
0.4258  0.9737 
0.4270  0.9737 
0.4281  0.9737 
0.4292  0.9737 
0.4304  0.9737 
0.4315  0.9737 
0.4326  0.9737 
0.4337  0.9737 
0.4349  0.9737 
0.4360  0.9737 
0.4371  0.9737 
0.4383  0.9737 
0.4394  0.9737 
0.4405  0.9737 
0.4417  0.9737 
0.4428  0.9737 
0.4439  0.9737 
0.4451  0.9737 
0.4462  0.9737 
0.4473  0.9737 
0.4485  0.9737 
0.4496  0.9737 
0.4507  0.9737 
0.4519  0.9737 
0.4530  0.9737 
0.4541  0.9737 
0.4553  0.9737 
0.4564  0.9737 
0.4575  0.9737 
0.4587  0.9737 
0.4598  0.9737 
0.4609  0.9737 
0.4621  0.9737 
0.4632  0.9737 
0.4643  0.9737 
0.4655  0.9737 
0.4666  0.9737 
0.4677  0.9737 
0.4689  0.9737 
0.4700  0.9737 
0.4711  0.9737 
0.4723  0.9737 
0.4734  0.9561 
0.4745  0.9561 
0.4757  0.9561 
0.4768  0.9561 
0.4779  0.9561 
0.4790  0.9561 
0.4802  0.9561 
0.4813  0.9561 
0.4824  0.9561 
0.4836  0.9561 
0.4847  0.9561 
0.4858  0.9561 
0.4870  0.9561 
0.4881  0.9561 
0.4892  0.9561 
0.4904  0.9561 
0.4915  0.9561 
0.4926  0.9561 
0.4938  0.9561 
0.4949  0.9561 
0.4960  0.9561 
0.4972  0.9561 
0.4983  0.9561 
0.4994  0.9561 
0.5006  0.9561 
0.5017  0.9561 
0.5028  0.9561 
0.5040  0.9561 
0.5051  0.9561 
0.5062  0.8947 
0.5074  0.8947 
0.5085  0.8947 
0.5096  0.8947 
0.5108  0.8947 
0.5119  0.8947 
0.5130  0.8947 
0.5142  0.8947 
0.5153  0.8947 
0.5164  0.8947 
0.5176  0.8947 
0.5187  0.8947 
0.5198  0.8947 
0.5210  0.8947 
0.5221  0.8947 
0.5232  0.8947 
0.5243  0.8947 
0.5255  0.8947 
0.5266  0.8947 
0.5277  0.8947 
0.5289  0.8947 
0.5300  0.8947 
0.5311  0.8947 
0.5323  0.8947 
0.5334  0.8947 
0.5345  0.8947 
0.5357  0.8947 
0.5368  0.8947 
0.5379  0.8947 
0.5391  0.8947 
0.5402  0.8947 
0.5413  0.8947 
0.5425  0.8947 
0.5436  0.8947 
0.5447  0.8947 
0.5459  0.8947 
0.5470  0.8947 
0.5481  0.8947 
0.5493  0.8947 
0.5504  0.8947 
0.5515  0.8860 
0.5527  0.8860 
0.5538  0.8860 
0.5549  0.8860 
0.5561  0.8860 
0.5572  0.8860 
0.5583  0.8860 
0.5595  0.8860 
0.5606  0.8860 
0.5617  0.8860 
0.5629  0.8860 
0.5640  0.8860 
0.5651  0.8860 
0.5663  0.8860 
0.5674  0.8860 
0.5685  0.8860 
0.5696  0.8860 
0.5708  0.8860 
0.5719  0.8860 
0.5730  0.8860 
0.5742  0.8860 
0.5753  0.8860 
0.5764  0.8860 
0.5776  0.8860 
0.5787  0.8860 
0.5798  0.8860 
0.5810  0.8860 
0.5821  0.8860 
0.5832  0.8860 
0.5844  0.8860 
0.5855  0.8246 
0.5866  0.8246 
0.5878  0.8246 
0.5889  0.8246 
0.5900  0.7807 
0.5912  0.7807 
0.5923  0.7807 
0.5934  0.7807 
0.5946  0.7807 
0.5957  0.7807 
0.5968  0.7807 
0.5980  0.7807 
0.5991  0.7807 
0.6002  0.7807 
0.6014  0.7719 
0.6025  0.7719 
0.6036  0.7719 
0.6048  0.7632 
0.6059  0.7368 
0.6070  0.7368 
0.6082  0.7368 
0.6093  0.7368 
0.6104  0.7368 
0.6116  0.7368 
0.6127  0.7368 
0.6138  0.7368 
0.6149  0.7368 
0.6161  0.7368 
0.6172  0.7368 
0.6183  0.7368 
0.6195  0.7368 
0.6206  0.7368 
0.6217  0.7368 
0.6229  0.7368 
0.6240  0.7368 
0.6251  0.7368 
0.6263  0.7368 
0.6274  0.7368 
0.6285  0.7368 
0.6297  0.7368 
0.6308  0.7368 
0.6319  0.7368 
0.6331  0.7368 
0.6342  0.7368 
0.6353  0.7368 
0.6365  0.7368 
0.6376  0.7368 
0.6387  0.7368 
0.6399  0.7368 
0.6410  0.7368 
0.6421  0.7368 
0.6433  0.7368 
0.6444  0.7368 
0.6455  0.7368 
0.6467  0.7368 
0.6478  0.7368 
0.6489  0.7368 
0.6501  0.7368 
0.6512  0.7368 
0.6523  0.7368 
0.6535  0.7368 
0.6546  0.7368 
0.6557  0.7368 
0.6569  0.7368 
0.6580  0.7368 
0.6591  0.7368 
0.6602  0.7368 
0.6614  0.7368 
0.6625  0.7368 
0.6636  0.7368 
0.6648  0.7368 
0.6659  0.7368 
0.6670  0.7368 
0.6682  0.7368 
0.6693  0.7368 
0.6704  0.7368 
0.6716  0.7368 
0.6727  0.7368 
0.6738  0.7368 
0.6750  0.7368 
0.6761  0.7368 
0.6772  0.7368 
0.6784  0.7368 
0.6795  0.7368 
0.6806  0.7368 
0.6818  0.7368 
0.6829  0.7368 
0.6840  0.7368 
0.6852  0.7368 
0.6863  0.7368 
0.6874  0.7368 
0.6886  0.7368 
0.6897  0.7368 
0.6908  0.7368 
0.6920  0.7368 
0.6931  0.7368 
0.6942  0.7368 
0.6954  0.7368 
0.6965  0.7368 
0.6976  0.7281 
0.6988  0.7193 
0.6999  0.7193 
0.7010  0.7193 
0.7022  0.7193 
0.7033  0.7193 
0.7044  0.7193 
0.7055  0.7193 
0.7067  0.7193 
0.7078  0.7193 
0.7089  0.7193 
0.7101  0.7193 
0.7112  0.7193 
0.7123  0.7193 
0.7135  0.7193 
0.7146  0.7193 
0.7157  0.7193 
0.7169  0.7193 
0.7180  0.7193 
0.7191  0.7193 
0.7203  0.7193 
0.7214  0.7193 
0.7225  0.7193 
0.7237  0.7193 
0.7248  0.7193 
0.7259  0.7193 
0.7271  0.7193 
0.7282  0.7193 
0.7293  0.7193 
0.7305  0.7193 
0.7316  0.7193 
0.7327  0.7193 
0.7339  0.7193 
0.7350  0.7193 
0.7361  0.7105 
0.7373  0.7105 
0.7384  0.7105 
0.7395  0.7105 
0.7407  0.7105 
0.7418  0.7105 
0.7429  0.7105 
0.7441  0.7105 
0.7452  0.7105 
0.7463  0.7105 
0.7475  0.7105 
0.7486  0.7105 
0.7497  0.7105 
0.7508  0.7105 
0.7520  0.7105 
0.7531  0.7105 
0.7542  0.7105 
0.7554  0.7105 
0.7565  0.7105 
0.7576  0.7105 
0.7588  0.7105 
0.7599  0.7105 
0.7610  0.7105 
0.7622  0.7105 
0.7633  0.7105 
0.7644  0.7105 
0.7656  0.7105 
0.7667  0.7105 
0.7678  0.7105 
0.7690  0.7105 
0.7701  0.7105 
0.7712  0.7018 
0.7724  0.7018 
0.7735  0.7018 
0.7746  0.7018 
0.7758  0.7018 
0.7769  0.7018 
0.7780  0.7018 
0.7792  0.7018 
0.7803  0.7018 
0.7814  0.7018 
0.7826  0.6930 
0.7837  0.6842 
0.7848  0.6842 
0.7860  0.6842 
0.7871  0.6842 
0.7882  0.6842 
0.7894  0.6842 
0.7905  0.6842 
0.7916  0.6842 
0.7928  0.6842 
0.7939  0.6842 
0.7950  0.6842 
0.7961  0.6842 
0.7973  0.6842 
0.7984  0.6754 
0.7995  0.6754 
0.8007  0.6754 
0.8018  0.6754 
0.8029  0.6754 
0.8041  0.6754 
0.8052  0.6754 
0.8063  0.6754 
0.8075  0.6754 
0.8086  0.6754 
0.8097  0.6754 
0.8109  0.6754 
0.8120  0.6667 
0.8131  0.6667 
0.8143  0.6667 
0.8154  0.6667 
0.8165  0.6667 
0.8177  0.6667 
0.8188  0.6667 
0.8199  0.6667 
0.8211  0.6228 
0.8222  0.6228 
0.8233  0.6140 
0.8245  0.6140 
0.8256  0.6140 
0.8267  0.6140 
0.8279  0.6140 
0.8290  0.6053 
0.8301  0.6053 
0.8313  0.6053 
0.8324  0.6053 
0.8335  0.6053 
0.8347  0.6053 
0.8358  0.6053 
0.8369  0.6053 
0.8381  0.6053 
0.8392  0.6053 
0.8403  0.6053 
0.8414  0.6053 
0.8426  0.6053 
0.8437  0.6053 
0.8448  0.6053 
0.8460  0.6053 
0.8471  0.6053 
0.8482  0.6053 
0.8494  0.6053 
0.8505  0.6053 
0.8516  0.6053 
0.8528  0.6053 
0.8539  0.6053 
0.8550  0.6053 
0.8562  0.5965 
0.8573  0.5965 
0.8584  0.5965 
0.8596  0.5965 
0.8607  0.5965 
0.8618  0.5965 
0.8630  0.5965 
0.8641  0.5702 
0.8652  0.5702 
0.8664  0.5702 
0.8675  0.5702 
0.8686  0.5702 
0.8698  0.5702 
0.8709  0.5702 
0.8720  0.5702 
0.8732  0.5702 
0.8743  0.5702 
0.8754  0.5702 
0.8766  0.5702 
0.8777  0.5702 
0.8788  0.5702 
0.8800  0.5702 
0.8811  0.5702 
0.8822  0.5614 
0.8834  0.5614 
0.8845  0.5614 
0.8856  0.5614 
0.8867  0.5614 
0.8879  0.5614 
0.8890  0.5614 
0.8901  0.5614 
0.8913  0.5614 
0.8924  0.5614 
0.8935  0.5526 
0.8947  0.5526 
0.8958  0.5526 
0.8969  0.5526 
0.8981  0.5526 
0.8992  0.5526 
0.9003  0.5526 
0.9015  0.5351 
0.9026  0.5351 
0.9037  0.5351 
0.9049  0.5351 
0.9060  0.5351 
0.9071  0.5351 
0.9083  0.5351 
0.9094  0.5351 
0.9105  0.5351 
0.9117  0.5351 
0.9128  0.5351 
0.9139  0.5351 
0.9151  0.5351 
0.9162  0.5351 
0.9173  0.5351 
0.9185  0.5263 
0.9196  0.5263 
0.9207  0.5175 
0.9219  0.5088 
0.9230  0.4825 
0.9241  0.4825 
0.9253  0.4825 
0.9264  0.4825 
0.9275  0.4737 
0.9287  0.4737 
0.9298  0.4737 
0.9309  0.4737 
0.9320  0.4737 
0.9332  0.4737 
0.9343  0.4737 
0.9354  0.4298 
0.9366  0.4298 
0.9377  0.4298 
0.9388  0.4298 
0.9400  0.4298 
0.9411  0.4298 
0.9422  0.4298 
0.9434  0.4298 
0.9445  0.4298 
0.9456  0.4298 
0.9468  0.3860 
0.9479  0.3860 
0.9490  0.3860 
0.9502  0.3860 
0.9513  0.3772 
0.9524  0.3772 
0.9536  0.3772 
0.9547  0.3684 
0.9558  0.3684 
0.9570  0.3684 
0.9581  0.3596 
0.9592  0.3596 
0.9604  0.3596 
0.9615  0.3596 
0.9626  0.3596 
0.9638  0.3509 
0.9649  0.3509 
0.9660  0.3509 
0.9672  0.3509 
0.9683  0.3509 
0.9694  0.3421 
0.9706  0.3421 
0.9717  0.3421 
0.9728  0.3070 
0.9740  0.2982 
0.9751  0.2895 
0.9762  0.2807 
0.9773  0.2807 
0.9785  0.2719 
0.9796  0.2632 
0.9807  0.2632 
0.9819  0.2632 
0.9830  0.1404 
0.9841  0.1053 
0.9853  0.0965 
0.9864  0.0877 
0.9875  0.0877 
0.9887  0.0789 
0.9898  0.0702 
0.9909  0.0614 
0.9921  0.0526 
0.9932  0.0439 
0.9943  0.0351 
0.9955  0.0263 
0.9966  0.0175 
0.9977  0.0088 
0.9989  0.0000 
1.0000  0.0000 
