0.0000  1.0000 
0.0122  1.0000 
0.0244  1.0000 
0.0366  1.0000 
0.0488  1.0000 
0.0610  1.0000 
0.0732  1.0000 
0.0854  1.0000 
0.0976  1.0000 
0.1098  1.0000 
0.1220  1.0000 
0.1341  1.0000 
0.1463  1.0000 
0.1585  1.0000 
0.1707  1.0000 
0.1829  1.0000 
0.1951  1.0000 
0.2073  1.0000 
0.2195  1.0000 
0.2317  1.0000 
0.2439  1.0000 
0.2561  1.0000 
0.2683  1.0000 
0.2805  1.0000 
0.2927  1.0000 
0.3049  1.0000 
0.3171  1.0000 
0.3293  1.0000 
0.3415  1.0000 
0.3537  1.0000 
0.3659  1.0000 
0.3780  1.0000 
0.3902  1.0000 
0.4024  1.0000 
0.4146  1.0000 
0.4268  1.0000 
0.4390  1.0000 
0.4512  1.0000 
0.4634  0.9643 
0.4756  0.9643 
0.4878  0.9643 
0.5000  0.9643 
0.5122  0.9643 
0.5244  0.9643 
0.5366  0.9643 
0.5488  0.9643 
0.5610  0.9643 
0.5732  0.9643 
0.5854  0.9643 
0.5976  0.9643 
0.6098  0.9643 
0.6220  0.9643 
0.6341  0.9643 
0.6463  0.9643 
0.6585  0.8929 
0.6707  0.8929 
0.6829  0.8571 
0.6951  0.8571 
0.7073  0.8571 
0.7195  0.8571 
0.7317  0.8571 
0.7439  0.8214 
0.7561  0.8214 
0.7683  0.8214 
0.7805  0.8214 
0.7927  0.8214 
0.8049  0.7857 
0.8171  0.7857 
0.8293  0.7857 
0.8415  0.7857 
0.8537  0.7857 
0.8659  0.7500 
0.8780  0.7143 
0.8902  0.7143 
0.9024  0.7143 
0.9146  0.3571 
0.9268  0.2500 
0.9390  0.2500 
0.9512  0.2500 
0.9634  0.1429 
0.9756  0.1071 
0.9878  0.0000 
1.0000  0.0000 
