0.0000  1.0000 
0.0164  1.0000 
0.0328  1.0000 
0.0492  1.0000 
0.0656  1.0000 
0.0820  1.0000 
0.0984  1.0000 
0.1148  1.0000 
0.1311  1.0000 
0.1475  1.0000 
0.1639  1.0000 
0.1803  1.0000 
0.1967  1.0000 
0.2131  1.0000 
0.2295  1.0000 
0.2459  1.0000 
0.2623  1.0000 
0.2787  1.0000 
0.2951  1.0000 
0.3115  1.0000 
0.3279  1.0000 
0.3443  1.0000 
0.3607  1.0000 
0.3770  1.0000 
0.3934  1.0000 
0.4098  1.0000 
0.4262  0.8824 
0.4426  0.8824 
0.4590  0.8824 
0.4754  0.8824 
0.4918  0.8824 
0.5082  0.8824 
0.5246  0.8824 
0.5410  0.8824 
0.5574  0.8824 
0.5738  0.8824 
0.5902  0.8824 
0.6066  0.8235 
0.6230  0.8235 
0.6393  0.8235 
0.6557  0.8235 
0.6721  0.8235 
0.6885  0.8235 
0.7049  0.8235 
0.7213  0.8235 
0.7377  0.8235 
0.7541  0.8235 
0.7705  0.8235 
0.7869  0.5882 
0.8033  0.5882 
0.8197  0.5882 
0.8361  0.5882 
0.8525  0.5294 
0.8689  0.5294 
0.8852  0.5294 
0.9016  0.5294 
0.9180  0.5294 
0.9344  0.1765 
0.9508  0.0588 
0.9672  0.0588 
0.9836  0.0000 
1.0000  0.0000 
