0.0000  1.0000 
0.0072  1.0000 
0.0144  1.0000 
0.0216  1.0000 
0.0288  1.0000 
0.0360  1.0000 
0.0432  1.0000 
0.0504  1.0000 
0.0576  1.0000 
0.0647  1.0000 
0.0719  1.0000 
0.0791  1.0000 
0.0863  1.0000 
0.0935  1.0000 
0.1007  0.9756 
0.1079  0.9756 
0.1151  0.9756 
0.1223  0.9756 
0.1295  0.9756 
0.1367  0.9756 
0.1439  0.9512 
0.1511  0.9512 
0.1583  0.9512 
0.1655  0.9512 
0.1727  0.9512 
0.1799  0.9512 
0.1871  0.9512 
0.1942  0.9512 
0.2014  0.9512 
0.2086  0.9512 
0.2158  0.9512 
0.2230  0.9512 
0.2302  0.9268 
0.2374  0.9268 
0.2446  0.9268 
0.2518  0.9268 
0.2590  0.9268 
0.2662  0.9268 
0.2734  0.9268 
0.2806  0.9268 
0.2878  0.9268 
0.2950  0.9268 
0.3022  0.9268 
0.3094  0.9268 
0.3165  0.9268 
0.3237  0.9268 
0.3309  0.9268 
0.3381  0.9268 
0.3453  0.9268 
0.3525  0.9268 
0.3597  0.9268 
0.3669  0.9268 
0.3741  0.9268 
0.3813  0.9268 
0.3885  0.9268 
0.3957  0.9024 
0.4029  0.9024 
0.4101  0.9024 
0.4173  0.9024 
0.4245  0.9024 
0.4317  0.9024 
0.4388  0.9024 
0.4460  0.9024 
0.4532  0.9024 
0.4604  0.9024 
0.4676  0.9024 
0.4748  0.9024 
0.4820  0.8780 
0.4892  0.8780 
0.4964  0.8780 
0.5036  0.8780 
0.5108  0.8780 
0.5180  0.8780 
0.5252  0.8780 
0.5324  0.8780 
0.5396  0.8780 
0.5468  0.8780 
0.5540  0.8780 
0.5612  0.8780 
0.5683  0.8780 
0.5755  0.8537 
0.5827  0.8537 
0.5899  0.8537 
0.5971  0.8537 
0.6043  0.8537 
0.6115  0.8537 
0.6187  0.8537 
0.6259  0.8537 
0.6331  0.8537 
0.6403  0.8049 
0.6475  0.8049 
0.6547  0.8049 
0.6619  0.8049 
0.6691  0.8049 
0.6763  0.8049 
0.6835  0.8049 
0.6906  0.8049 
0.6978  0.8049 
0.7050  0.8049 
0.7122  0.8049 
0.7194  0.8049 
0.7266  0.8049 
0.7338  0.8049 
0.7410  0.8049 
0.7482  0.8049 
0.7554  0.8049 
0.7626  0.7805 
0.7698  0.7805 
0.7770  0.7805 
0.7842  0.7805 
0.7914  0.7561 
0.7986  0.7561 
0.8058  0.7073 
0.8129  0.7073 
0.8201  0.7073 
0.8273  0.7073 
0.8345  0.7073 
0.8417  0.7073 
0.8489  0.7073 
0.8561  0.7073 
0.8633  0.7073 
0.8705  0.6829 
0.8777  0.6341 
0.8849  0.6341 
0.8921  0.6098 
0.8993  0.5854 
0.9065  0.5854 
0.9137  0.5854 
0.9209  0.5854 
0.9281  0.5366 
0.9353  0.5122 
0.9424  0.4878 
0.9496  0.4634 
0.9568  0.3415 
0.9640  0.1707 
0.9712  0.1463 
0.9784  0.0732 
0.9856  0.0488 
0.9928  0.0000 
1.0000  0.0000 
