0.0000  1.0000 
0.0156  1.0000 
0.0312  1.0000 
0.0469  0.9767 
0.0625  0.9767 
0.0781  0.9535 
0.0938  0.9535 
0.1094  0.9302 
0.1250  0.9302 
0.1406  0.9070 
0.1562  0.9070 
0.1719  0.8837 
0.1875  0.8837 
0.2031  0.8837 
0.2188  0.8372 
0.2344  0.8372 
0.2500  0.8372 
0.2656  0.8372 
0.2812  0.8372 
0.2969  0.8372 
0.3125  0.8372 
0.3281  0.8372 
0.3438  0.8372 
0.3594  0.8372 
0.3750  0.8372 
0.3906  0.8372 
0.4062  0.8372 
0.4219  0.8372 
0.4375  0.8372 
0.4531  0.7209 
0.4688  0.7209 
0.4844  0.7209 
0.5000  0.7209 
0.5156  0.7209 
0.5312  0.6744 
0.5469  0.6744 
0.5625  0.6744 
0.5781  0.6744 
0.5938  0.6744 
0.6094  0.6744 
0.6250  0.6512 
0.6406  0.6512 
0.6562  0.6047 
0.6719  0.6047 
0.6875  0.5814 
0.7031  0.5814 
0.7188  0.5581 
0.7344  0.4884 
0.7500  0.4884 
0.7656  0.4884 
0.7812  0.4651 
0.7969  0.4651 
0.8125  0.4186 
0.8281  0.3953 
0.8438  0.3953 
0.8594  0.3721 
0.8750  0.3721 
0.8906  0.3488 
0.9062  0.2791 
0.9219  0.2791 
0.9375  0.2558 
0.9531  0.2093 
0.9688  0.1163 
0.9844  0.0000 
1.0000  0.0000 
