0.0000  1.0000 
0.0095  1.0000 
0.0190  1.0000 
0.0286  1.0000 
0.0381  1.0000 
0.0476  1.0000 
0.0571  1.0000 
0.0667  1.0000 
0.0762  1.0000 
0.0857  1.0000 
0.0952  1.0000 
0.1048  1.0000 
0.1143  1.0000 
0.1238  1.0000 
0.1333  1.0000 
0.1429  1.0000 
0.1524  1.0000 
0.1619  1.0000 
0.1714  1.0000 
0.1810  1.0000 
0.1905  1.0000 
0.2000  1.0000 
0.2095  1.0000 
0.2190  1.0000 
0.2286  1.0000 
0.2381  1.0000 
0.2476  1.0000 
0.2571  1.0000 
0.2667  1.0000 
0.2762  1.0000 
0.2857  1.0000 
0.2952  1.0000 
0.3048  1.0000 
0.3143  1.0000 
0.3238  1.0000 
0.3333  1.0000 
0.3429  1.0000 
0.3524  1.0000 
0.3619  1.0000 
0.3714  1.0000 
0.3810  1.0000 
0.3905  1.0000 
0.4000  1.0000 
0.4095  1.0000 
0.4190  1.0000 
0.4286  1.0000 
0.4381  1.0000 
0.4476  1.0000 
0.4571  1.0000 
0.4667  1.0000 
0.4762  1.0000 
0.4857  1.0000 
0.4952  1.0000 
0.5048  1.0000 
0.5143  1.0000 
0.5238  1.0000 
0.5333  1.0000 
0.5429  1.0000 
0.5524  1.0000 
0.5619  1.0000 
0.5714  1.0000 
0.5810  1.0000 
0.5905  1.0000 
0.6000  1.0000 
0.6095  0.9744 
0.6190  0.9744 
0.6286  0.9744 
0.6381  0.9487 
0.6476  0.9231 
0.6571  0.9231 
0.6667  0.9231 
0.6762  0.9231 
0.6857  0.9231 
0.6952  0.8974 
0.7048  0.8974 
0.7143  0.8974 
0.7238  0.8718 
0.7333  0.8718 
0.7429  0.8718 
0.7524  0.8718 
0.7619  0.8718 
0.7714  0.8718 
0.7810  0.8718 
0.7905  0.8718 
0.8000  0.8718 
0.8095  0.8718 
0.8190  0.8718 
0.8286  0.6923 
0.8381  0.6667 
0.8476  0.6410 
0.8571  0.6410 
0.8667  0.5641 
0.8762  0.5385 
0.8857  0.5385 
0.8952  0.5385 
0.9048  0.4103 
0.9143  0.4103 
0.9238  0.3590 
0.9333  0.3333 
0.9429  0.2308 
0.9524  0.2308 
0.9619  0.1282 
0.9714  0.1026 
0.9810  0.0256 
0.9905  0.0000 
1.0000  0.0000 
