0.0000  1.0000 
0.0233  0.9677 
0.0465  0.9677 
0.0698  0.9677 
0.0930  0.9677 
0.1163  0.9677 
0.1395  0.9677 
0.1628  0.9677 
0.1860  0.9355 
0.2093  0.9355 
0.2326  0.9355 
0.2558  0.9355 
0.2791  0.9032 
0.3023  0.8065 
0.3256  0.7742 
0.3488  0.7742 
0.3721  0.7742 
0.3953  0.7742 
0.4186  0.7419 
0.4419  0.7419 
0.4651  0.7097 
0.4884  0.6774 
0.5116  0.6774 
0.5349  0.6452 
0.5581  0.6452 
0.5814  0.6452 
0.6047  0.6129 
0.6279  0.6129 
0.6512  0.6129 
0.6744  0.6129 
0.6977  0.5484 
0.7209  0.5484 
0.7442  0.5484 
0.7674  0.5161 
0.7907  0.5161 
0.8140  0.4839 
0.8372  0.2903 
0.8605  0.2903 
0.8837  0.2903 
0.9070  0.1613 
0.9302  0.1290 
0.9535  0.0323 
0.9767  0.0000 
1.0000  0.0000 
