0.0000  1.0000 
0.0182  1.0000 
0.0364  1.0000 
0.0545  1.0000 
0.0727  1.0000 
0.0909  1.0000 
0.1091  1.0000 
0.1273  1.0000 
0.1455  0.9630 
0.1636  0.9630 
0.1818  0.9259 
0.2000  0.9259 
0.2182  0.7407 
0.2364  0.7407 
0.2545  0.7037 
0.2727  0.7037 
0.2909  0.7037 
0.3091  0.7037 
0.3273  0.7037 
0.3455  0.7037 
0.3636  0.7037 
0.3818  0.7037 
0.4000  0.7037 
0.4182  0.6667 
0.4364  0.6667 
0.4545  0.6667 
0.4727  0.6667 
0.4909  0.6667 
0.5091  0.6667 
0.5273  0.6667 
0.5455  0.6296 
0.5636  0.6296 
0.5818  0.6296 
0.6000  0.6296 
0.6182  0.6296 
0.6364  0.6296 
0.6545  0.6296 
0.6727  0.4444 
0.6909  0.4444 
0.7091  0.3704 
0.7273  0.3704 
0.7455  0.3333 
0.7636  0.3333 
0.7818  0.3333 
0.8000  0.2963 
0.8182  0.2963 
0.8364  0.2963 
0.8545  0.2593 
0.8727  0.2222 
0.8909  0.2222 
0.9091  0.1852 
0.9273  0.1111 
0.9455  0.0741 
0.9636  0.0370 
0.9818  0.0000 
1.0000  0.0000 
