0.0000  1.0000 
0.0056  1.0000 
0.0112  1.0000 
0.0168  1.0000 
0.0223  1.0000 
0.0279  1.0000 
0.0335  1.0000 
0.0391  1.0000 
0.0447  1.0000 
0.0503  1.0000 
0.0559  1.0000 
0.0615  1.0000 
0.0670  1.0000 
0.0726  1.0000 
0.0782  1.0000 
0.0838  1.0000 
0.0894  1.0000 
0.0950  1.0000 
0.1006  1.0000 
0.1061  1.0000 
0.1117  1.0000 
0.1173  1.0000 
0.1229  1.0000 
0.1285  1.0000 
0.1341  1.0000 
0.1397  1.0000 
0.1453  1.0000 
0.1508  1.0000 
0.1564  1.0000 
0.1620  1.0000 
0.1676  1.0000 
0.1732  1.0000 
0.1788  1.0000 
0.1844  1.0000 
0.1899  1.0000 
0.1955  1.0000 
0.2011  1.0000 
0.2067  1.0000 
0.2123  1.0000 
0.2179  1.0000 
0.2235  1.0000 
0.2291  1.0000 
0.2346  1.0000 
0.2402  1.0000 
0.2458  1.0000 
0.2514  1.0000 
0.2570  1.0000 
0.2626  1.0000 
0.2682  1.0000 
0.2737  1.0000 
0.2793  1.0000 
0.2849  1.0000 
0.2905  1.0000 
0.2961  1.0000 
0.3017  1.0000 
0.3073  1.0000 
0.3128  0.9231 
0.3184  0.9231 
0.3240  0.9231 
0.3296  0.9231 
0.3352  0.9231 
0.3408  0.9231 
0.3464  0.9231 
0.3520  0.9231 
0.3575  0.9231 
0.3631  0.9231 
0.3687  0.9231 
0.3743  0.9231 
0.3799  0.9231 
0.3855  0.9231 
0.3911  0.9231 
0.3966  0.9231 
0.4022  0.9231 
0.4078  0.9231 
0.4134  0.9231 
0.4190  0.9231 
0.4246  0.9231 
0.4302  0.9231 
0.4358  0.9231 
0.4413  0.9231 
0.4469  0.9231 
0.4525  0.9231 
0.4581  0.9231 
0.4637  0.9231 
0.4693  0.9231 
0.4749  0.9231 
0.4804  0.9231 
0.4860  0.9231 
0.4916  0.9231 
0.4972  0.9231 
0.5028  0.9231 
0.5084  0.9231 
0.5140  0.9231 
0.5196  0.9231 
0.5251  0.8846 
0.5307  0.8846 
0.5363  0.8846 
0.5419  0.8846 
0.5475  0.8846 
0.5531  0.8846 
0.5587  0.8846 
0.5642  0.8846 
0.5698  0.8462 
0.5754  0.8462 
0.5810  0.8462 
0.5866  0.8462 
0.5922  0.8462 
0.5978  0.8462 
0.6034  0.8462 
0.6089  0.8462 
0.6145  0.8462 
0.6201  0.8462 
0.6257  0.8462 
0.6313  0.8462 
0.6369  0.8462 
0.6425  0.8462 
0.6480  0.8462 
0.6536  0.8462 
0.6592  0.8462 
0.6648  0.8462 
0.6704  0.8462 
0.6760  0.8462 
0.6816  0.8462 
0.6872  0.8462 
0.6927  0.8462 
0.6983  0.8077 
0.7039  0.8077 
0.7095  0.8077 
0.7151  0.8077 
0.7207  0.8077 
0.7263  0.7692 
0.7318  0.7692 
0.7374  0.7692 
0.7430  0.7692 
0.7486  0.7308 
0.7542  0.7308 
0.7598  0.7308 
0.7654  0.7308 
0.7709  0.7308 
0.7765  0.7308 
0.7821  0.7308 
0.7877  0.7308 
0.7933  0.7308 
0.7989  0.7308 
0.8045  0.7308 
0.8101  0.7308 
0.8156  0.6923 
0.8212  0.6923 
0.8268  0.6923 
0.8324  0.6923 
0.8380  0.6923 
0.8436  0.6923 
0.8492  0.6923 
0.8547  0.6923 
0.8603  0.6923 
0.8659  0.6923 
0.8715  0.6923 
0.8771  0.6538 
0.8827  0.6538 
0.8883  0.6538 
0.8939  0.6538 
0.8994  0.6538 
0.9050  0.6538 
0.9106  0.6538 
0.9162  0.6538 
0.9218  0.6538 
0.9274  0.6538 
0.9330  0.6538 
0.9385  0.5769 
0.9441  0.5385 
0.9497  0.5385 
0.9553  0.3462 
0.9609  0.3077 
0.9665  0.3077 
0.9721  0.3077 
0.9777  0.3077 
0.9832  0.2308 
0.9888  0.0769 
0.9944  0.0000 
1.0000  0.0000 
