0.0000  1.0000 
0.0036  1.0000 
0.0073  1.0000 
0.0109  1.0000 
0.0145  1.0000 
0.0182  1.0000 
0.0218  1.0000 
0.0255  0.9792 
0.0291  0.9792 
0.0327  0.9792 
0.0364  0.9792 
0.0400  0.9792 
0.0436  0.9792 
0.0473  0.9792 
0.0509  0.9792 
0.0545  0.9792 
0.0582  0.9792 
0.0618  0.9792 
0.0655  0.9792 
0.0691  0.9792 
0.0727  0.9792 
0.0764  0.9792 
0.0800  0.9792 
0.0836  0.9792 
0.0873  0.9792 
0.0909  0.9792 
0.0945  0.9792 
0.0982  0.9792 
0.1018  0.9792 
0.1055  0.9792 
0.1091  0.9792 
0.1127  0.9688 
0.1164  0.9688 
0.1200  0.9688 
0.1236  0.9688 
0.1273  0.9583 
0.1309  0.9583 
0.1345  0.9583 
0.1382  0.9479 
0.1418  0.9479 
0.1455  0.9479 
0.1491  0.9479 
0.1527  0.9479 
0.1564  0.9479 
0.1600  0.9479 
0.1636  0.9479 
0.1673  0.9479 
0.1709  0.9479 
0.1745  0.9479 
0.1782  0.9479 
0.1818  0.9479 
0.1855  0.9479 
0.1891  0.9479 
0.1927  0.9479 
0.1964  0.9479 
0.2000  0.9479 
0.2036  0.9479 
0.2073  0.9479 
0.2109  0.9479 
0.2145  0.9479 
0.2182  0.9479 
0.2218  0.9479 
0.2255  0.9479 
0.2291  0.9479 
0.2327  0.9479 
0.2364  0.9479 
0.2400  0.9479 
0.2436  0.9479 
0.2473  0.9479 
0.2509  0.9375 
0.2545  0.9375 
0.2582  0.9375 
0.2618  0.9375 
0.2655  0.9375 
0.2691  0.9375 
0.2727  0.9375 
0.2764  0.9375 
0.2800  0.9375 
0.2836  0.9375 
0.2873  0.9375 
0.2909  0.9375 
0.2945  0.9375 
0.2982  0.9375 
0.3018  0.9375 
0.3055  0.9375 
0.3091  0.9375 
0.3127  0.9375 
0.3164  0.9271 
0.3200  0.9271 
0.3236  0.9271 
0.3273  0.9271 
0.3309  0.9271 
0.3345  0.9271 
0.3382  0.9271 
0.3418  0.9271 
0.3455  0.9271 
0.3491  0.9271 
0.3527  0.9271 
0.3564  0.9271 
0.3600  0.9271 
0.3636  0.9271 
0.3673  0.9271 
0.3709  0.9167 
0.3745  0.9167 
0.3782  0.9167 
0.3818  0.9167 
0.3855  0.9167 
0.3891  0.9167 
0.3927  0.9167 
0.3964  0.9167 
0.4000  0.9167 
0.4036  0.9167 
0.4073  0.9167 
0.4109  0.9062 
0.4145  0.9062 
0.4182  0.9062 
0.4218  0.9062 
0.4255  0.8750 
0.4291  0.8750 
0.4327  0.8750 
0.4364  0.8750 
0.4400  0.8646 
0.4436  0.8646 
0.4473  0.8646 
0.4509  0.8646 
0.4545  0.8646 
0.4582  0.8646 
0.4618  0.8646 
0.4655  0.8646 
0.4691  0.8646 
0.4727  0.8646 
0.4764  0.8646 
0.4800  0.8646 
0.4836  0.8646 
0.4873  0.8542 
0.4909  0.8542 
0.4945  0.8542 
0.4982  0.8542 
0.5018  0.8542 
0.5055  0.8542 
0.5091  0.8438 
0.5127  0.8438 
0.5164  0.8438 
0.5200  0.8438 
0.5236  0.8438 
0.5273  0.8438 
0.5309  0.8438 
0.5345  0.8438 
0.5382  0.8438 
0.5418  0.8438 
0.5455  0.8438 
0.5491  0.8438 
0.5527  0.8438 
0.5564  0.8333 
0.5600  0.8229 
0.5636  0.8229 
0.5673  0.8229 
0.5709  0.8229 
0.5745  0.8229 
0.5782  0.8229 
0.5818  0.8021 
0.5855  0.8021 
0.5891  0.8021 
0.5927  0.8021 
0.5964  0.8021 
0.6000  0.7917 
0.6036  0.7917 
0.6073  0.7708 
0.6109  0.7708 
0.6145  0.7708 
0.6182  0.7708 
0.6218  0.7708 
0.6255  0.7604 
0.6291  0.7604 
0.6327  0.7604 
0.6364  0.7604 
0.6400  0.7604 
0.6436  0.7604 
0.6473  0.7604 
0.6509  0.7604 
0.6545  0.7500 
0.6582  0.7500 
0.6618  0.7500 
0.6655  0.7396 
0.6691  0.7396 
0.6727  0.7396 
0.6764  0.7396 
0.6800  0.7396 
0.6836  0.7292 
0.6873  0.7188 
0.6909  0.7188 
0.6945  0.7188 
0.6982  0.7188 
0.7018  0.7188 
0.7055  0.7083 
0.7091  0.6979 
0.7127  0.6979 
0.7164  0.6875 
0.7200  0.6875 
0.7236  0.6875 
0.7273  0.6875 
0.7309  0.6771 
0.7345  0.6667 
0.7382  0.6667 
0.7418  0.6667 
0.7455  0.6667 
0.7491  0.6667 
0.7527  0.6458 
0.7564  0.6458 
0.7600  0.6458 
0.7636  0.6458 
0.7673  0.6458 
0.7709  0.6354 
0.7745  0.6354 
0.7782  0.6354 
0.7818  0.6354 
0.7855  0.6354 
0.7891  0.6354 
0.7927  0.6146 
0.7964  0.6146 
0.8000  0.6146 
0.8036  0.6146 
0.8073  0.6146 
0.8109  0.6146 
0.8145  0.6146 
0.8182  0.6042 
0.8218  0.6042 
0.8255  0.6042 
0.8291  0.5938 
0.8327  0.5938 
0.8364  0.5938 
0.8400  0.5938 
0.8436  0.5938 
0.8473  0.5938 
0.8509  0.5833 
0.8545  0.5833 
0.8582  0.5833 
0.8618  0.5729 
0.8655  0.5521 
0.8691  0.5521 
0.8727  0.5312 
0.8764  0.5104 
0.8800  0.5104 
0.8836  0.5104 
0.8873  0.5104 
0.8909  0.5104 
0.8945  0.5104 
0.8982  0.5104 
0.9018  0.5104 
0.9055  0.5104 
0.9091  0.5104 
0.9127  0.5104 
0.9164  0.5104 
0.9200  0.5104 
0.9236  0.5104 
0.9273  0.5104 
0.9309  0.5104 
0.9345  0.5000 
0.9382  0.5000 
0.9418  0.5000 
0.9455  0.4896 
0.9491  0.4792 
0.9527  0.3229 
0.9564  0.3021 
0.9600  0.3021 
0.9636  0.2917 
0.9673  0.2292 
0.9709  0.2188 
0.9745  0.1875 
0.9782  0.1875 
0.9818  0.1667 
0.9855  0.1667 
0.9891  0.1667 
0.9927  0.0833 
0.9964  0.0000 
1.0000  0.0000 
