0.0000  1.0000 
0.0123  1.0000 
0.0247  0.9688 
0.0370  0.9688 
0.0494  0.9688 
0.0617  0.9688 
0.0741  0.9688 
0.0864  0.9688 
0.0988  0.9688 
0.1111  0.9688 
0.1235  0.9688 
0.1358  0.9688 
0.1481  0.9688 
0.1605  0.9688 
0.1728  0.9688 
0.1852  0.9688 
0.1975  0.9688 
0.2099  0.9688 
0.2222  0.9688 
0.2346  0.9688 
0.2469  0.9688 
0.2593  0.9688 
0.2716  0.9375 
0.2840  0.9375 
0.2963  0.9375 
0.3086  0.9375 
0.3210  0.9375 
0.3333  0.9375 
0.3457  0.9062 
0.3580  0.9062 
0.3704  0.9062 
0.3827  0.9062 
0.3951  0.8750 
0.4074  0.8750 
0.4198  0.8750 
0.4321  0.8750 
0.4444  0.8750 
0.4568  0.8750 
0.4691  0.8750 
0.4815  0.8750 
0.4938  0.8750 
0.5062  0.8750 
0.5185  0.8750 
0.5309  0.8750 
0.5432  0.8750 
0.5556  0.8750 
0.5679  0.8750 
0.5802  0.8750 
0.5926  0.8750 
0.6049  0.8750 
0.6173  0.8750 
0.6296  0.8750 
0.6420  0.8750 
0.6543  0.8750 
0.6667  0.8750 
0.6790  0.8750 
0.6914  0.8438 
0.7037  0.8438 
0.7160  0.8438 
0.7284  0.8438 
0.7407  0.8125 
0.7531  0.7500 
0.7654  0.7500 
0.7778  0.7500 
0.7901  0.7500 
0.8025  0.7500 
0.8148  0.7500 
0.8272  0.7500 
0.8395  0.7500 
0.8519  0.7500 
0.8642  0.7500 
0.8765  0.7500 
0.8889  0.7500 
0.9012  0.7500 
0.9136  0.7188 
0.9259  0.3125 
0.9383  0.1562 
0.9506  0.1250 
0.9630  0.0938 
0.9753  0.0312 
0.9877  0.0000 
1.0000  0.0000 
