0.0000  1.0000 
0.0278  0.9831 
0.0556  0.8475 
0.0833  0.8475 
0.1111  0.8305 
0.1389  0.8305 
0.1667  0.7119 
0.1944  0.6780 
0.2222  0.6610 
0.2500  0.6610 
0.2778  0.6610 
0.3056  0.5593 
0.3333  0.5424 
0.3611  0.5254 
0.3889  0.4915 
0.4167  0.4915 
0.4444  0.4746 
0.4722  0.4576 
0.5000  0.3559 
0.5278  0.3390 
0.5556  0.3220 
0.5833  0.3220 
0.6111  0.3220 
0.6389  0.3220 
0.6667  0.3051 
0.6944  0.2373 
0.7222  0.2373 
0.7500  0.2203 
0.7778  0.1864 
0.8056  0.1864 
0.8333  0.1525 
0.8611  0.1356 
0.8889  0.1186 
0.9167  0.0678 
0.9444  0.0169 
0.9722  0.0000 
1.0000  0.0000 
