0.0000  1.0000 
0.0085  1.0000 
0.0169  1.0000 
0.0254  1.0000 
0.0339  1.0000 
0.0424  1.0000 
0.0508  1.0000 
0.0593  1.0000 
0.0678  1.0000 
0.0763  1.0000 
0.0847  1.0000 
0.0932  1.0000 
0.1017  1.0000 
0.1102  1.0000 
0.1186  1.0000 
0.1271  1.0000 
0.1356  1.0000 
0.1441  1.0000 
0.1525  1.0000 
0.1610  1.0000 
0.1695  1.0000 
0.1780  1.0000 
0.1864  1.0000 
0.1949  1.0000 
0.2034  1.0000 
0.2119  1.0000 
0.2203  1.0000 
0.2288  1.0000 
0.2373  1.0000 
0.2458  1.0000 
0.2542  1.0000 
0.2627  1.0000 
0.2712  1.0000 
0.2797  1.0000 
0.2881  1.0000 
0.2966  1.0000 
0.3051  1.0000 
0.3136  1.0000 
0.3220  1.0000 
0.3305  1.0000 
0.3390  1.0000 
0.3475  1.0000 
0.3559  1.0000 
0.3644  1.0000 
0.3729  1.0000 
0.3814  1.0000 
0.3898  1.0000 
0.3983  1.0000 
0.4068  1.0000 
0.4153  1.0000 
0.4237  1.0000 
0.4322  1.0000 
0.4407  1.0000 
0.4492  1.0000 
0.4576  1.0000 
0.4661  1.0000 
0.4746  1.0000 
0.4831  1.0000 
0.4915  1.0000 
0.5000  1.0000 
0.5085  1.0000 
0.5169  1.0000 
0.5254  0.9583 
0.5339  0.9583 
0.5424  0.9583 
0.5508  0.9583 
0.5593  0.9583 
0.5678  0.9583 
0.5763  0.9583 
0.5847  0.9583 
0.5932  0.9583 
0.6017  0.9583 
0.6102  0.9583 
0.6186  0.9583 
0.6271  0.9167 
0.6356  0.9167 
0.6441  0.9167 
0.6525  0.9167 
0.6610  0.9167 
0.6695  0.9167 
0.6780  0.9167 
0.6864  0.8750 
0.6949  0.8333 
0.7034  0.8333 
0.7119  0.7917 
0.7203  0.7917 
0.7288  0.7083 
0.7373  0.7083 
0.7458  0.7083 
0.7542  0.7083 
0.7627  0.7083 
0.7712  0.7083 
0.7797  0.7083 
0.7881  0.7083 
0.7966  0.7083 
0.8051  0.6667 
0.8136  0.6667 
0.8220  0.6667 
0.8305  0.6250 
0.8390  0.5833 
0.8475  0.5833 
0.8559  0.5833 
0.8644  0.5833 
0.8729  0.5833 
0.8814  0.5833 
0.8898  0.5833 
0.8983  0.5417 
0.9068  0.5417 
0.9153  0.5417 
0.9237  0.5000 
0.9322  0.4167 
0.9407  0.3750 
0.9492  0.2917 
0.9576  0.2917 
0.9661  0.2917 
0.9746  0.2500 
0.9831  0.2083 
0.9915  0.0000 
1.0000  0.0000 
