0.0000  1.0000 
0.0015  1.0000 
0.0030  1.0000 
0.0045  1.0000 
0.0060  1.0000 
0.0075  1.0000 
0.0090  1.0000 
0.0105  1.0000 
0.0120  1.0000 
0.0135  1.0000 
0.0150  1.0000 
0.0165  1.0000 
0.0180  1.0000 
0.0195  1.0000 
0.0210  1.0000 
0.0225  1.0000 
0.0240  1.0000 
0.0255  1.0000 
0.0270  1.0000 
0.0285  1.0000 
0.0300  1.0000 
0.0315  1.0000 
0.0330  1.0000 
0.0345  1.0000 
0.0360  1.0000 
0.0375  1.0000 
0.0390  1.0000 
0.0405  1.0000 
0.0420  1.0000 
0.0435  1.0000 
0.0450  1.0000 
0.0465  1.0000 
0.0480  1.0000 
0.0495  1.0000 
0.0511  1.0000 
0.0526  1.0000 
0.0541  1.0000 
0.0556  1.0000 
0.0571  1.0000 
0.0586  1.0000 
0.0601  1.0000 
0.0616  1.0000 
0.0631  1.0000 
0.0646  1.0000 
0.0661  1.0000 
0.0676  1.0000 
0.0691  1.0000 
0.0706  1.0000 
0.0721  1.0000 
0.0736  1.0000 
0.0751  1.0000 
0.0766  1.0000 
0.0781  1.0000 
0.0796  1.0000 
0.0811  1.0000 
0.0826  1.0000 
0.0841  1.0000 
0.0856  1.0000 
0.0871  1.0000 
0.0886  1.0000 
0.0901  1.0000 
0.0916  1.0000 
0.0931  1.0000 
0.0946  1.0000 
0.0961  1.0000 
0.0976  1.0000 
0.0991  1.0000 
0.1006  1.0000 
0.1021  1.0000 
0.1036  1.0000 
0.1051  1.0000 
0.1066  1.0000 
0.1081  1.0000 
0.1096  1.0000 
0.1111  1.0000 
0.1126  1.0000 
0.1141  1.0000 
0.1156  1.0000 
0.1171  1.0000 
0.1186  1.0000 
0.1201  1.0000 
0.1216  1.0000 
0.1231  1.0000 
0.1246  1.0000 
0.1261  1.0000 
0.1276  1.0000 
0.1291  1.0000 
0.1306  1.0000 
0.1321  1.0000 
0.1336  1.0000 
0.1351  1.0000 
0.1366  1.0000 
0.1381  1.0000 
0.1396  1.0000 
0.1411  1.0000 
0.1426  1.0000 
0.1441  1.0000 
0.1456  1.0000 
0.1471  1.0000 
0.1486  1.0000 
0.1502  1.0000 
0.1517  1.0000 
0.1532  1.0000 
0.1547  1.0000 
0.1562  1.0000 
0.1577  1.0000 
0.1592  1.0000 
0.1607  1.0000 
0.1622  1.0000 
0.1637  1.0000 
0.1652  1.0000 
0.1667  1.0000 
0.1682  1.0000 
0.1697  1.0000 
0.1712  1.0000 
0.1727  1.0000 
0.1742  1.0000 
0.1757  1.0000 
0.1772  1.0000 
0.1787  1.0000 
0.1802  1.0000 
0.1817  1.0000 
0.1832  1.0000 
0.1847  1.0000 
0.1862  1.0000 
0.1877  1.0000 
0.1892  1.0000 
0.1907  1.0000 
0.1922  1.0000 
0.1937  1.0000 
0.1952  1.0000 
0.1967  1.0000 
0.1982  1.0000 
0.1997  1.0000 
0.2012  1.0000 
0.2027  1.0000 
0.2042  1.0000 
0.2057  1.0000 
0.2072  1.0000 
0.2087  1.0000 
0.2102  1.0000 
0.2117  1.0000 
0.2132  1.0000 
0.2147  1.0000 
0.2162  1.0000 
0.2177  1.0000 
0.2192  1.0000 
0.2207  1.0000 
0.2222  1.0000 
0.2237  1.0000 
0.2252  1.0000 
0.2267  1.0000 
0.2282  1.0000 
0.2297  1.0000 
0.2312  1.0000 
0.2327  1.0000 
0.2342  1.0000 
0.2357  1.0000 
0.2372  1.0000 
0.2387  1.0000 
0.2402  1.0000 
0.2417  1.0000 
0.2432  1.0000 
0.2447  1.0000 
0.2462  1.0000 
0.2477  1.0000 
0.2492  1.0000 
0.2508  1.0000 
0.2523  1.0000 
0.2538  1.0000 
0.2553  1.0000 
0.2568  1.0000 
0.2583  1.0000 
0.2598  1.0000 
0.2613  1.0000 
0.2628  1.0000 
0.2643  1.0000 
0.2658  1.0000 
0.2673  1.0000 
0.2688  1.0000 
0.2703  1.0000 
0.2718  1.0000 
0.2733  1.0000 
0.2748  1.0000 
0.2763  1.0000 
0.2778  1.0000 
0.2793  1.0000 
0.2808  1.0000 
0.2823  1.0000 
0.2838  1.0000 
0.2853  1.0000 
0.2868  1.0000 
0.2883  1.0000 
0.2898  1.0000 
0.2913  1.0000 
0.2928  1.0000 
0.2943  1.0000 
0.2958  1.0000 
0.2973  1.0000 
0.2988  1.0000 
0.3003  1.0000 
0.3018  1.0000 
0.3033  1.0000 
0.3048  1.0000 
0.3063  1.0000 
0.3078  1.0000 
0.3093  1.0000 
0.3108  1.0000 
0.3123  1.0000 
0.3138  1.0000 
0.3153  1.0000 
0.3168  1.0000 
0.3183  1.0000 
0.3198  1.0000 
0.3213  1.0000 
0.3228  1.0000 
0.3243  1.0000 
0.3258  1.0000 
0.3273  1.0000 
0.3288  1.0000 
0.3303  1.0000 
0.3318  1.0000 
0.3333  1.0000 
0.3348  1.0000 
0.3363  1.0000 
0.3378  1.0000 
0.3393  1.0000 
0.3408  1.0000 
0.3423  1.0000 
0.3438  1.0000 
0.3453  1.0000 
0.3468  1.0000 
0.3483  1.0000 
0.3498  1.0000 
0.3514  1.0000 
0.3529  1.0000 
0.3544  1.0000 
0.3559  1.0000 
0.3574  1.0000 
0.3589  1.0000 
0.3604  1.0000 
0.3619  1.0000 
0.3634  1.0000 
0.3649  1.0000 
0.3664  1.0000 
0.3679  1.0000 
0.3694  1.0000 
0.3709  1.0000 
0.3724  1.0000 
0.3739  1.0000 
0.3754  1.0000 
0.3769  1.0000 
0.3784  1.0000 
0.3799  1.0000 
0.3814  1.0000 
0.3829  1.0000 
0.3844  1.0000 
0.3859  0.9924 
0.3874  0.9924 
0.3889  0.9924 
0.3904  0.9924 
0.3919  0.9924 
0.3934  0.9924 
0.3949  0.9924 
0.3964  0.9924 
0.3979  0.9924 
0.3994  0.9924 
0.4009  0.9924 
0.4024  0.9924 
0.4039  0.9924 
0.4054  0.9924 
0.4069  0.9924 
0.4084  0.9924 
0.4099  0.9924 
0.4114  0.9924 
0.4129  0.9924 
0.4144  0.9924 
0.4159  0.9924 
0.4174  0.9924 
0.4189  0.9924 
0.4204  0.9924 
0.4219  0.9924 
0.4234  0.9924 
0.4249  0.9924 
0.4264  0.9924 
0.4279  0.9924 
0.4294  0.9924 
0.4309  0.9924 
0.4324  0.9924 
0.4339  0.9924 
0.4354  0.9924 
0.4369  0.9924 
0.4384  0.9924 
0.4399  0.9924 
0.4414  0.9924 
0.4429  0.9924 
0.4444  0.9924 
0.4459  0.9924 
0.4474  0.9924 
0.4489  0.9924 
0.4505  0.9924 
0.4520  0.9924 
0.4535  0.9924 
0.4550  0.9924 
0.4565  0.9924 
0.4580  0.9924 
0.4595  0.9924 
0.4610  0.9924 
0.4625  0.9924 
0.4640  0.9924 
0.4655  0.9924 
0.4670  0.9924 
0.4685  0.9924 
0.4700  0.9924 
0.4715  0.9924 
0.4730  0.9924 
0.4745  0.9924 
0.4760  0.9924 
0.4775  0.9924 
0.4790  0.9924 
0.4805  0.9924 
0.4820  0.9924 
0.4835  0.9924 
0.4850  0.9924 
0.4865  0.9924 
0.4880  0.9924 
0.4895  0.9924 
0.4910  0.9924 
0.4925  0.9924 
0.4940  0.9924 
0.4955  0.9924 
0.4970  0.9924 
0.4985  0.9924 
0.5000  0.9924 
0.5015  0.9924 
0.5030  0.9924 
0.5045  0.9924 
0.5060  0.9924 
0.5075  0.9924 
0.5090  0.9924 
0.5105  0.9924 
0.5120  0.9924 
0.5135  0.9847 
0.5150  0.9847 
0.5165  0.9847 
0.5180  0.9847 
0.5195  0.9847 
0.5210  0.9847 
0.5225  0.9847 
0.5240  0.9847 
0.5255  0.9847 
0.5270  0.9847 
0.5285  0.9847 
0.5300  0.9847 
0.5315  0.9847 
0.5330  0.9847 
0.5345  0.9847 
0.5360  0.9847 
0.5375  0.9847 
0.5390  0.9847 
0.5405  0.9847 
0.5420  0.9847 
0.5435  0.9847 
0.5450  0.9847 
0.5465  0.9847 
0.5480  0.9847 
0.5495  0.9847 
0.5511  0.9847 
0.5526  0.9847 
0.5541  0.9847 
0.5556  0.9847 
0.5571  0.9847 
0.5586  0.9847 
0.5601  0.9771 
0.5616  0.9771 
0.5631  0.9771 
0.5646  0.9771 
0.5661  0.9771 
0.5676  0.9771 
0.5691  0.9771 
0.5706  0.9771 
0.5721  0.9771 
0.5736  0.9771 
0.5751  0.9771 
0.5766  0.9771 
0.5781  0.9771 
0.5796  0.9771 
0.5811  0.9771 
0.5826  0.9771 
0.5841  0.9771 
0.5856  0.9771 
0.5871  0.9771 
0.5886  0.9771 
0.5901  0.9771 
0.5916  0.9771 
0.5931  0.9771 
0.5946  0.9771 
0.5961  0.9771 
0.5976  0.9771 
0.5991  0.9771 
0.6006  0.9771 
0.6021  0.9771 
0.6036  0.9771 
0.6051  0.9771 
0.6066  0.9771 
0.6081  0.9771 
0.6096  0.9771 
0.6111  0.9771 
0.6126  0.9771 
0.6141  0.9771 
0.6156  0.9771 
0.6171  0.9771 
0.6186  0.9771 
0.6201  0.9771 
0.6216  0.9771 
0.6231  0.9771 
0.6246  0.9771 
0.6261  0.9771 
0.6276  0.9771 
0.6291  0.9771 
0.6306  0.9771 
0.6321  0.9771 
0.6336  0.9771 
0.6351  0.9771 
0.6366  0.9771 
0.6381  0.9771 
0.6396  0.9771 
0.6411  0.9771 
0.6426  0.9771 
0.6441  0.9771 
0.6456  0.9771 
0.6471  0.9771 
0.6486  0.9771 
0.6502  0.9771 
0.6517  0.9771 
0.6532  0.9771 
0.6547  0.9771 
0.6562  0.9771 
0.6577  0.9771 
0.6592  0.9771 
0.6607  0.9771 
0.6622  0.9771 
0.6637  0.9771 
0.6652  0.9771 
0.6667  0.9771 
0.6682  0.9771 
0.6697  0.9771 
0.6712  0.9771 
0.6727  0.9771 
0.6742  0.9771 
0.6757  0.9771 
0.6772  0.9771 
0.6787  0.9771 
0.6802  0.9771 
0.6817  0.9771 
0.6832  0.9771 
0.6847  0.9771 
0.6862  0.9695 
0.6877  0.9695 
0.6892  0.9695 
0.6907  0.9695 
0.6922  0.9695 
0.6937  0.9695 
0.6952  0.9695 
0.6967  0.9695 
0.6982  0.9695 
0.6997  0.9695 
0.7012  0.9695 
0.7027  0.9695 
0.7042  0.9618 
0.7057  0.9618 
0.7072  0.9618 
0.7087  0.9618 
0.7102  0.9618 
0.7117  0.9542 
0.7132  0.9542 
0.7147  0.9542 
0.7162  0.9542 
0.7177  0.9542 
0.7192  0.9542 
0.7207  0.9542 
0.7222  0.9542 
0.7237  0.9542 
0.7252  0.9542 
0.7267  0.9542 
0.7282  0.9542 
0.7297  0.9542 
0.7312  0.9542 
0.7327  0.9542 
0.7342  0.9542 
0.7357  0.9542 
0.7372  0.9542 
0.7387  0.9542 
0.7402  0.9542 
0.7417  0.9542 
0.7432  0.9542 
0.7447  0.9542 
0.7462  0.9542 
0.7477  0.9542 
0.7492  0.9542 
0.7508  0.9542 
0.7523  0.9542 
0.7538  0.9542 
0.7553  0.9542 
0.7568  0.9466 
0.7583  0.9466 
0.7598  0.9466 
0.7613  0.9466 
0.7628  0.9466 
0.7643  0.9466 
0.7658  0.9466 
0.7673  0.9466 
0.7688  0.9466 
0.7703  0.9466 
0.7718  0.9466 
0.7733  0.9466 
0.7748  0.9466 
0.7763  0.9466 
0.7778  0.9466 
0.7793  0.9466 
0.7808  0.9466 
0.7823  0.9466 
0.7838  0.9466 
0.7853  0.9389 
0.7868  0.9389 
0.7883  0.9389 
0.7898  0.9389 
0.7913  0.9389 
0.7928  0.9389 
0.7943  0.9389 
0.7958  0.9313 
0.7973  0.9313 
0.7988  0.9313 
0.8003  0.9313 
0.8018  0.9313 
0.8033  0.9313 
0.8048  0.9313 
0.8063  0.9313 
0.8078  0.9313 
0.8093  0.9313 
0.8108  0.9313 
0.8123  0.9313 
0.8138  0.9313 
0.8153  0.9313 
0.8168  0.9313 
0.8183  0.9313 
0.8198  0.9313 
0.8213  0.9084 
0.8228  0.9084 
0.8243  0.9084 
0.8258  0.9084 
0.8273  0.9084 
0.8288  0.9008 
0.8303  0.9008 
0.8318  0.9008 
0.8333  0.9008 
0.8348  0.9008 
0.8363  0.9008 
0.8378  0.9008 
0.8393  0.9008 
0.8408  0.9008 
0.8423  0.8702 
0.8438  0.8626 
0.8453  0.8550 
0.8468  0.8550 
0.8483  0.8550 
0.8498  0.8550 
0.8514  0.8550 
0.8529  0.8473 
0.8544  0.8397 
0.8559  0.8397 
0.8574  0.8397 
0.8589  0.8397 
0.8604  0.8397 
0.8619  0.8397 
0.8634  0.8321 
0.8649  0.8321 
0.8664  0.8321 
0.8679  0.8321 
0.8694  0.8321 
0.8709  0.8092 
0.8724  0.8092 
0.8739  0.8092 
0.8754  0.8092 
0.8769  0.8092 
0.8784  0.8092 
0.8799  0.8092 
0.8814  0.8092 
0.8829  0.8092 
0.8844  0.8015 
0.8859  0.8015 
0.8874  0.8015 
0.8889  0.8015 
0.8904  0.8015 
0.8919  0.8015 
0.8934  0.7939 
0.8949  0.7939 
0.8964  0.7939 
0.8979  0.7786 
0.8994  0.7786 
0.9009  0.7786 
0.9024  0.7786 
0.9039  0.7786 
0.9054  0.7786 
0.9069  0.7786 
0.9084  0.7786 
0.9099  0.7786 
0.9114  0.7634 
0.9129  0.7557 
0.9144  0.7557 
0.9159  0.7557 
0.9174  0.7557 
0.9189  0.7405 
0.9204  0.7405 
0.9219  0.7405 
0.9234  0.7405 
0.9249  0.7023 
0.9264  0.7023 
0.9279  0.7023 
0.9294  0.7023 
0.9309  0.7023 
0.9324  0.7023 
0.9339  0.7023 
0.9354  0.6870 
0.9369  0.6870 
0.9384  0.6870 
0.9399  0.6870 
0.9414  0.6794 
0.9429  0.6794 
0.9444  0.6718 
0.9459  0.6718 
0.9474  0.6718 
0.9489  0.6489 
0.9505  0.6489 
0.9520  0.6489 
0.9535  0.6489 
0.9550  0.6260 
0.9565  0.6183 
0.9580  0.6107 
0.9595  0.5802 
0.9610  0.5802 
0.9625  0.5725 
0.9640  0.5496 
0.9655  0.5496 
0.9670  0.5420 
0.9685  0.5267 
0.9700  0.5267 
0.9715  0.5191 
0.9730  0.5115 
0.9745  0.5038 
0.9760  0.4504 
0.9775  0.4504 
0.9790  0.4198 
0.9805  0.4198 
0.9820  0.3740 
0.9835  0.3435 
0.9850  0.3435 
0.9865  0.3206 
0.9880  0.2977 
0.9895  0.2901 
0.9910  0.2901 
0.9925  0.2519 
0.9940  0.1985 
0.9955  0.0916 
0.9970  0.0305 
0.9985  0.0000 
1.0000  0.0000 
