0.0000  1.0000 
0.0204  1.0000 
0.0408  1.0000 
0.0612  0.9583 
0.0816  0.9583 
0.1020  0.9583 
0.1224  0.9583 
0.1429  0.9583 
0.1633  0.9583 
0.1837  0.9583 
0.2041  0.9583 
0.2245  0.9375 
0.2449  0.9375 
0.2653  0.9375 
0.2857  0.9375 
0.3061  0.9375 
0.3265  0.9167 
0.3469  0.9167 
0.3673  0.9167 
0.3878  0.9167 
0.4082  0.8542 
0.4286  0.8333 
0.4490  0.8333 
0.4694  0.7917 
0.4898  0.7917 
0.5102  0.7917 
0.5306  0.7917 
0.5510  0.6875 
0.5714  0.6875 
0.5918  0.6458 
0.6122  0.6042 
0.6327  0.5625 
0.6531  0.5625 
0.6735  0.5208 
0.6939  0.5208 
0.7143  0.5208 
0.7347  0.4583 
0.7551  0.4375 
0.7755  0.4375 
0.7959  0.4375 
0.8163  0.2917 
0.8367  0.2917 
0.8571  0.2917 
0.8776  0.2708 
0.8980  0.2500 
0.9184  0.1458 
0.9388  0.1042 
0.9592  0.0208 
0.9796  0.0000 
1.0000  0.0000 
