0.0000  1.0000 
0.0132  1.0000 
0.0263  1.0000 
0.0395  1.0000 
0.0526  1.0000 
0.0658  1.0000 
0.0789  1.0000 
0.0921  1.0000 
0.1053  1.0000 
0.1184  1.0000 
0.1316  1.0000 
0.1447  1.0000 
0.1579  1.0000 
0.1711  1.0000 
0.1842  1.0000 
0.1974  1.0000 
0.2105  1.0000 
0.2237  1.0000 
0.2368  1.0000 
0.2500  1.0000 
0.2632  1.0000 
0.2763  1.0000 
0.2895  1.0000 
0.3026  1.0000 
0.3158  1.0000 
0.3289  1.0000 
0.3421  1.0000 
0.3553  1.0000 
0.3684  1.0000 
0.3816  1.0000 
0.3947  1.0000 
0.4079  1.0000 
0.4211  1.0000 
0.4342  1.0000 
0.4474  1.0000 
0.4605  0.9355 
0.4737  0.9355 
0.4868  0.9355 
0.5000  0.9355 
0.5132  0.9355 
0.5263  0.9355 
0.5395  0.9355 
0.5526  0.9355 
0.5658  0.9355 
0.5789  0.9355 
0.5921  0.9355 
0.6053  0.9355 
0.6184  0.9355 
0.6316  0.9355 
0.6447  0.9355 
0.6579  0.9355 
0.6711  0.9355 
0.6842  0.9355 
0.6974  0.9355 
0.7105  0.9355 
0.7237  0.9355 
0.7368  0.9355 
0.7500  0.9355 
0.7632  0.9355 
0.7763  0.9355 
0.7895  0.9355 
0.8026  0.9355 
0.8158  0.9355 
0.8289  0.9032 
0.8421  0.8710 
0.8553  0.7419 
0.8684  0.6452 
0.8816  0.5806 
0.8947  0.5484 
0.9079  0.4194 
0.9211  0.3871 
0.9342  0.3548 
0.9474  0.2258 
0.9605  0.2258 
0.9737  0.0968 
0.9868  0.0000 
1.0000  0.0000 
