0.0000  1.0000 
0.0110  1.0000 
0.0220  1.0000 
0.0330  1.0000 
0.0440  1.0000 
0.0549  1.0000 
0.0659  1.0000 
0.0769  1.0000 
0.0879  1.0000 
0.0989  1.0000 
0.1099  1.0000 
0.1209  1.0000 
0.1319  1.0000 
0.1429  1.0000 
0.1538  1.0000 
0.1648  1.0000 
0.1758  1.0000 
0.1868  1.0000 
0.1978  1.0000 
0.2088  1.0000 
0.2198  1.0000 
0.2308  1.0000 
0.2418  0.8947 
0.2527  0.8947 
0.2637  0.8947 
0.2747  0.8947 
0.2857  0.8947 
0.2967  0.8947 
0.3077  0.8947 
0.3187  0.8947 
0.3297  0.8947 
0.3407  0.8947 
0.3516  0.7895 
0.3626  0.7895 
0.3736  0.7895 
0.3846  0.7895 
0.3956  0.7895 
0.4066  0.7895 
0.4176  0.7895 
0.4286  0.7895 
0.4396  0.7895 
0.4505  0.7895 
0.4615  0.7895 
0.4725  0.7895 
0.4835  0.7895 
0.4945  0.7895 
0.5055  0.7895 
0.5165  0.7895 
0.5275  0.7895 
0.5385  0.7368 
0.5495  0.7368 
0.5604  0.7368 
0.5714  0.7368 
0.5824  0.7368 
0.5934  0.7368 
0.6044  0.7368 
0.6154  0.7368 
0.6264  0.7368 
0.6374  0.7368 
0.6484  0.7368 
0.6593  0.7368 
0.6703  0.7368 
0.6813  0.7368 
0.6923  0.7368 
0.7033  0.7368 
0.7143  0.7368 
0.7253  0.7368 
0.7363  0.7368 
0.7473  0.6842 
0.7582  0.6842 
0.7692  0.6842 
0.7802  0.6842 
0.7912  0.6842 
0.8022  0.6842 
0.8132  0.6842 
0.8242  0.6842 
0.8352  0.6316 
0.8462  0.6316 
0.8571  0.6316 
0.8681  0.6316 
0.8791  0.5789 
0.8901  0.5789 
0.9011  0.5789 
0.9121  0.5263 
0.9231  0.4737 
0.9341  0.4211 
0.9451  0.3684 
0.9560  0.3684 
0.9670  0.2632 
0.9780  0.1053 
0.9890  0.0000 
1.0000  0.0000 
