0.0000  1.0000 
0.0185  1.0000 
0.0370  1.0000 
0.0556  0.9905 
0.0741  0.9905 
0.0926  0.9905 
0.1111  0.9905 
0.1296  0.9905 
0.1481  0.9905 
0.1667  0.9905 
0.1852  0.9714 
0.2037  0.9714 
0.2222  0.9714 
0.2407  0.9714 
0.2593  0.9714 
0.2778  0.9619 
0.2963  0.9333 
0.3148  0.9238 
0.3333  0.9238 
0.3519  0.3238 
0.3704  0.3238 
0.3889  0.3238 
0.4074  0.3238 
0.4259  0.3143 
0.4444  0.3143 
0.4630  0.3143 
0.4815  0.3143 
0.5000  0.3143 
0.5185  0.3048 
0.5370  0.3048 
0.5556  0.3048 
0.5741  0.2190 
0.5926  0.1619 
0.6111  0.1619 
0.6296  0.1524 
0.6481  0.1429 
0.6667  0.1333 
0.6852  0.0952 
0.7037  0.0952 
0.7222  0.0857 
0.7407  0.0857 
0.7593  0.0762 
0.7778  0.0762 
0.7963  0.0762 
0.8148  0.0762 
0.8333  0.0667 
0.8519  0.0667 
0.8704  0.0476 
0.8889  0.0476 
0.9074  0.0381 
0.9259  0.0381 
0.9444  0.0286 
0.9630  0.0286 
0.9815  0.0000 
1.0000  0.0000 
