0.0000  1.0000 
0.0031  1.0000 
0.0063  1.0000 
0.0094  1.0000 
0.0126  1.0000 
0.0157  1.0000 
0.0189  1.0000 
0.0220  1.0000 
0.0252  1.0000 
0.0283  1.0000 
0.0314  1.0000 
0.0346  1.0000 
0.0377  1.0000 
0.0409  1.0000 
0.0440  0.9912 
0.0472  0.9912 
0.0503  0.9912 
0.0535  0.9912 
0.0566  0.9912 
0.0597  0.9912 
0.0629  0.9912 
0.0660  0.9912 
0.0692  0.9912 
0.0723  0.9912 
0.0755  0.9912 
0.0786  0.9912 
0.0818  0.9912 
0.0849  0.9912 
0.0881  0.9912 
0.0912  0.9912 
0.0943  0.9912 
0.0975  0.9912 
0.1006  0.9912 
0.1038  0.9912 
0.1069  0.9912 
0.1101  0.9912 
0.1132  0.9912 
0.1164  0.9912 
0.1195  0.9912 
0.1226  0.9912 
0.1258  0.9912 
0.1289  0.9912 
0.1321  0.9912 
0.1352  0.9912 
0.1384  0.9912 
0.1415  0.9912 
0.1447  0.9912 
0.1478  0.9912 
0.1509  0.9912 
0.1541  0.9912 
0.1572  0.9912 
0.1604  0.9912 
0.1635  0.9912 
0.1667  0.9912 
0.1698  0.9912 
0.1730  0.9912 
0.1761  0.9912 
0.1792  0.9912 
0.1824  0.9912 
0.1855  0.9912 
0.1887  0.9912 
0.1918  0.9912 
0.1950  0.9912 
0.1981  0.9912 
0.2013  0.9912 
0.2044  0.9823 
0.2075  0.9823 
0.2107  0.9823 
0.2138  0.9823 
0.2170  0.9823 
0.2201  0.9823 
0.2233  0.9823 
0.2264  0.9735 
0.2296  0.9735 
0.2327  0.9735 
0.2358  0.9735 
0.2390  0.9735 
0.2421  0.9735 
0.2453  0.9735 
0.2484  0.9735 
0.2516  0.9735 
0.2547  0.9735 
0.2579  0.9735 
0.2610  0.9735 
0.2642  0.9735 
0.2673  0.9735 
0.2704  0.9735 
0.2736  0.9735 
0.2767  0.9735 
0.2799  0.9735 
0.2830  0.9735 
0.2862  0.9735 
0.2893  0.9735 
0.2925  0.9735 
0.2956  0.9735 
0.2987  0.9735 
0.3019  0.9735 
0.3050  0.9735 
0.3082  0.9735 
0.3113  0.9735 
0.3145  0.9735 
0.3176  0.9735 
0.3208  0.9646 
0.3239  0.9646 
0.3270  0.9646 
0.3302  0.9646 
0.3333  0.9646 
0.3365  0.9646 
0.3396  0.9646 
0.3428  0.9646 
0.3459  0.9646 
0.3491  0.9646 
0.3522  0.9646 
0.3553  0.9646 
0.3585  0.9646 
0.3616  0.9646 
0.3648  0.9646 
0.3679  0.9646 
0.3711  0.9558 
0.3742  0.9558 
0.3774  0.9558 
0.3805  0.9558 
0.3836  0.9558 
0.3868  0.9558 
0.3899  0.9558 
0.3931  0.9558 
0.3962  0.9558 
0.3994  0.9558 
0.4025  0.9558 
0.4057  0.9381 
0.4088  0.9381 
0.4119  0.9381 
0.4151  0.9381 
0.4182  0.9381 
0.4214  0.9292 
0.4245  0.9204 
0.4277  0.8850 
0.4308  0.8850 
0.4340  0.8850 
0.4371  0.8850 
0.4403  0.8850 
0.4434  0.8850 
0.4465  0.8850 
0.4497  0.8850 
0.4528  0.8761 
0.4560  0.8761 
0.4591  0.8761 
0.4623  0.8761 
0.4654  0.8761 
0.4686  0.8761 
0.4717  0.8761 
0.4748  0.8761 
0.4780  0.8761 
0.4811  0.8761 
0.4843  0.8761 
0.4874  0.8761 
0.4906  0.8673 
0.4937  0.8673 
0.4969  0.8673 
0.5000  0.8673 
0.5031  0.8584 
0.5063  0.8584 
0.5094  0.8584 
0.5126  0.8584 
0.5157  0.8584 
0.5189  0.8496 
0.5220  0.8496 
0.5252  0.8496 
0.5283  0.8496 
0.5314  0.8496 
0.5346  0.8496 
0.5377  0.8496 
0.5409  0.8496 
0.5440  0.8496 
0.5472  0.8496 
0.5503  0.8496 
0.5535  0.8496 
0.5566  0.8496 
0.5597  0.8407 
0.5629  0.8407 
0.5660  0.8407 
0.5692  0.8407 
0.5723  0.8407 
0.5755  0.8319 
0.5786  0.8319 
0.5818  0.8319 
0.5849  0.8142 
0.5881  0.8142 
0.5912  0.8142 
0.5943  0.8053 
0.5975  0.8053 
0.6006  0.8053 
0.6038  0.7965 
0.6069  0.7965 
0.6101  0.7965 
0.6132  0.7965 
0.6164  0.7965 
0.6195  0.7965 
0.6226  0.7876 
0.6258  0.7788 
0.6289  0.7788 
0.6321  0.7788 
0.6352  0.7788 
0.6384  0.7788 
0.6415  0.7788 
0.6447  0.7788 
0.6478  0.7788 
0.6509  0.7788 
0.6541  0.7788 
0.6572  0.7788 
0.6604  0.7611 
0.6635  0.7611 
0.6667  0.7611 
0.6698  0.7611 
0.6730  0.7611 
0.6761  0.7522 
0.6792  0.7434 
0.6824  0.7434 
0.6855  0.7345 
0.6887  0.7345 
0.6918  0.7345 
0.6950  0.7345 
0.6981  0.7345 
0.7013  0.7257 
0.7044  0.7168 
0.7075  0.7168 
0.7107  0.7168 
0.7138  0.7080 
0.7170  0.7080 
0.7201  0.7080 
0.7233  0.7080 
0.7264  0.7080 
0.7296  0.7080 
0.7327  0.7080 
0.7358  0.7080 
0.7390  0.7080 
0.7421  0.7080 
0.7453  0.6991 
0.7484  0.6991 
0.7516  0.6991 
0.7547  0.6991 
0.7579  0.6991 
0.7610  0.6991 
0.7642  0.6637 
0.7673  0.6195 
0.7704  0.5487 
0.7736  0.5310 
0.7767  0.5310 
0.7799  0.5310 
0.7830  0.5133 
0.7862  0.5044 
0.7893  0.4956 
0.7925  0.4690 
0.7956  0.4690 
0.7987  0.4602 
0.8019  0.4513 
0.8050  0.4513 
0.8082  0.4425 
0.8113  0.4425 
0.8145  0.4336 
0.8176  0.4248 
0.8208  0.4248 
0.8239  0.4071 
0.8270  0.4071 
0.8302  0.4071 
0.8333  0.3628 
0.8365  0.3628 
0.8396  0.3628 
0.8428  0.3628 
0.8459  0.3628 
0.8491  0.3628 
0.8522  0.3628 
0.8553  0.3628 
0.8585  0.3628 
0.8616  0.3540 
0.8648  0.3540 
0.8679  0.3451 
0.8711  0.3363 
0.8742  0.3363 
0.8774  0.3363 
0.8805  0.3363 
0.8836  0.3009 
0.8868  0.3009 
0.8899  0.2920 
0.8931  0.2832 
0.8962  0.2832 
0.8994  0.2743 
0.9025  0.2743 
0.9057  0.2478 
0.9088  0.2389 
0.9119  0.2389 
0.9151  0.2389 
0.9182  0.2301 
0.9214  0.2212 
0.9245  0.2212 
0.9277  0.2212 
0.9308  0.2212 
0.9340  0.2212 
0.9371  0.2124 
0.9403  0.2124 
0.9434  0.2124 
0.9465  0.2035 
0.9497  0.1947 
0.9528  0.1858 
0.9560  0.1681 
0.9591  0.1593 
0.9623  0.1593 
0.9654  0.1593 
0.9686  0.1593 
0.9717  0.1504 
0.9748  0.1504 
0.9780  0.0619 
0.9811  0.0442 
0.9843  0.0354 
0.9874  0.0265 
0.9906  0.0177 
0.9937  0.0088 
0.9969  0.0000 
1.0000  0.0000 
