0.0000  1.0000 
0.0127  1.0000 
0.0253  1.0000 
0.0380  1.0000 
0.0506  1.0000 
0.0633  1.0000 
0.0759  1.0000 
0.0886  1.0000 
0.1013  1.0000 
0.1139  1.0000 
0.1266  1.0000 
0.1392  1.0000 
0.1519  1.0000 
0.1646  1.0000 
0.1772  1.0000 
0.1899  1.0000 
0.2025  1.0000 
0.2152  1.0000 
0.2278  1.0000 
0.2405  1.0000 
0.2532  1.0000 
0.2658  1.0000 
0.2785  1.0000 
0.2911  1.0000 
0.3038  1.0000 
0.3165  1.0000 
0.3291  1.0000 
0.3418  1.0000 
0.3544  1.0000 
0.3671  1.0000 
0.3797  1.0000 
0.3924  1.0000 
0.4051  1.0000 
0.4177  1.0000 
0.4304  1.0000 
0.4430  1.0000 
0.4557  1.0000 
0.4684  1.0000 
0.4810  1.0000 
0.4937  1.0000 
0.5063  1.0000 
0.5190  1.0000 
0.5316  1.0000 
0.5443  1.0000 
0.5570  1.0000 
0.5696  1.0000 
0.5823  0.9600 
0.5949  0.9600 
0.6076  0.9600 
0.6203  0.9600 
0.6329  0.9600 
0.6456  0.9600 
0.6582  0.9600 
0.6709  0.9600 
0.6835  0.9600 
0.6962  0.9600 
0.7089  0.9600 
0.7215  0.9600 
0.7342  0.9600 
0.7468  0.9600 
0.7595  0.9600 
0.7722  0.9600 
0.7848  0.8800 
0.7975  0.8800 
0.8101  0.8800 
0.8228  0.8800 
0.8354  0.8800 
0.8481  0.8000 
0.8608  0.8000 
0.8734  0.8000 
0.8861  0.8000 
0.8987  0.8000 
0.9114  0.8000 
0.9241  0.6800 
0.9367  0.6800 
0.9494  0.2800 
0.9620  0.1200 
0.9747  0.0800 
0.9873  0.0000 
1.0000  0.0000 
