0.0000  1.0000 
0.0091  1.0000 
0.0182  1.0000 
0.0273  1.0000 
0.0364  1.0000 
0.0455  1.0000 
0.0545  1.0000 
0.0636  0.9855 
0.0727  0.9855 
0.0818  0.9855 
0.0909  0.9710 
0.1000  0.9662 
0.1091  0.9324 
0.1182  0.9324 
0.1273  0.9275 
0.1364  0.9227 
0.1455  0.9227 
0.1545  0.9227 
0.1636  0.9227 
0.1727  0.9227 
0.1818  0.9227 
0.1909  0.9179 
0.2000  0.9179 
0.2091  0.9179 
0.2182  0.9179 
0.2273  0.9179 
0.2364  0.9130 
0.2455  0.9130 
0.2545  0.9034 
0.2636  0.9034 
0.2727  0.8986 
0.2818  0.8792 
0.2909  0.8696 
0.3000  0.8647 
0.3091  0.8599 
0.3182  0.8357 
0.3273  0.8357 
0.3364  0.8357 
0.3455  0.8357 
0.3545  0.8357 
0.3636  0.8357 
0.3727  0.8309 
0.3818  0.8261 
0.3909  0.8261 
0.4000  0.8261 
0.4091  0.8261 
0.4182  0.8213 
0.4273  0.8116 
0.4364  0.8068 
0.4455  0.8068 
0.4545  0.8068 
0.4636  0.8019 
0.4727  0.8019 
0.4818  0.7971 
0.4909  0.7971 
0.5000  0.7971 
0.5091  0.7874 
0.5182  0.7874 
0.5273  0.7874 
0.5364  0.7585 
0.5455  0.7536 
0.5545  0.7536 
0.5636  0.7536 
0.5727  0.7488 
0.5818  0.7343 
0.5909  0.7295 
0.6000  0.7295 
0.6091  0.7295 
0.6182  0.7295 
0.6273  0.7246 
0.6364  0.7246 
0.6455  0.6425 
0.6545  0.6425 
0.6636  0.6425 
0.6727  0.6377 
0.6818  0.6377 
0.6909  0.6377 
0.7000  0.6087 
0.7091  0.5990 
0.7182  0.5942 
0.7273  0.5894 
0.7364  0.5797 
0.7455  0.5797 
0.7545  0.5169 
0.7636  0.5169 
0.7727  0.5169 
0.7818  0.4638 
0.7909  0.4638 
0.8000  0.4589 
0.8091  0.4589 
0.8182  0.4541 
0.8273  0.4251 
0.8364  0.4058 
0.8455  0.3671 
0.8545  0.3527 
0.8636  0.3430 
0.8727  0.3237 
0.8818  0.2995 
0.8909  0.2705 
0.9000  0.2609 
0.9091  0.1159 
0.9182  0.1159 
0.9273  0.1014 
0.9364  0.0870 
0.9455  0.0821 
0.9545  0.0435 
0.9636  0.0386 
0.9727  0.0290 
0.9818  0.0145 
0.9909  0.0000 
1.0000  0.0000 
