0.0000  1.0000 
0.0303  1.0000 
0.0606  1.0000 
0.0909  1.0000 
0.1212  1.0000 
0.1515  1.0000 
0.1818  1.0000 
0.2121  1.0000 
0.2424  1.0000 
0.2727  0.8000 
0.3030  0.8000 
0.3333  0.8000 
0.3636  0.8000 
0.3939  0.8000 
0.4242  0.7600 
0.4545  0.7600 
0.4848  0.7600 
0.5152  0.6400 
0.5455  0.6000 
0.5758  0.6000 
0.6061  0.6000 
0.6364  0.6000 
0.6667  0.6000 
0.6970  0.6000 
0.7273  0.6000 
0.7576  0.6000 
0.7879  0.6000 
0.8182  0.6000 
0.8485  0.5200 
0.8788  0.3200 
0.9091  0.3200 
0.9394  0.2400 
0.9697  0.0000 
1.0000  0.0000 
