0.0000  1.0000 
0.0250  1.0000 
0.0500  1.0000 
0.0750  1.0000 
0.1000  0.9882 
0.1250  0.9822 
0.1500  0.9822 
0.1750  0.9645 
0.2000  0.9645 
0.2250  0.9645 
0.2500  0.9349 
0.2750  0.9349 
0.3000  0.9349 
0.3250  0.9349 
0.3500  0.8521 
0.3750  0.8521 
0.4000  0.8462 
0.4250  0.8402 
0.4500  0.8225 
0.4750  0.8225 
0.5000  0.8225 
0.5250  0.8225 
0.5500  0.7929 
0.5750  0.7929 
0.6000  0.7870 
0.6250  0.5740 
0.6500  0.5562 
0.6750  0.4556 
0.7000  0.4438 
0.7250  0.4142 
0.7500  0.4142 
0.7750  0.3846 
0.8000  0.3787 
0.8250  0.3491 
0.8500  0.1716 
0.8750  0.1598 
0.9000  0.1479 
0.9250  0.1124 
0.9500  0.0769 
0.9750  0.0000 
1.0000  0.0000 
