0.0000  1.0000 
0.0164  1.0000 
0.0328  1.0000 
0.0492  1.0000 
0.0656  1.0000 
0.0820  1.0000 
0.0984  1.0000 
0.1148  1.0000 
0.1311  1.0000 
0.1475  1.0000 
0.1639  1.0000 
0.1803  1.0000 
0.1967  1.0000 
0.2131  1.0000 
0.2295  1.0000 
0.2459  1.0000 
0.2623  1.0000 
0.2787  1.0000 
0.2951  1.0000 
0.3115  1.0000 
0.3279  1.0000 
0.3443  1.0000 
0.3607  1.0000 
0.3770  1.0000 
0.3934  1.0000 
0.4098  1.0000 
0.4262  1.0000 
0.4426  1.0000 
0.4590  1.0000 
0.4754  1.0000 
0.4918  1.0000 
0.5082  1.0000 
0.5246  1.0000 
0.5410  1.0000 
0.5574  1.0000 
0.5738  1.0000 
0.5902  1.0000 
0.6066  1.0000 
0.6230  1.0000 
0.6393  1.0000 
0.6557  1.0000 
0.6721  1.0000 
0.6885  1.0000 
0.7049  1.0000 
0.7213  1.0000 
0.7377  0.9583 
0.7541  0.9583 
0.7705  0.9583 
0.7869  0.9583 
0.8033  0.9167 
0.8197  0.9167 
0.8361  0.9167 
0.8525  0.9167 
0.8689  0.9167 
0.8852  0.9167 
0.9016  0.9167 
0.9180  0.9167 
0.9344  0.9167 
0.9508  0.7500 
0.9672  0.7083 
0.9836  0.0000 
1.0000  0.0000 
