0.0000  1.0000 
0.0312  1.0000 
0.0625  1.0000 
0.0938  1.0000 
0.1250  0.8929 
0.1562  0.8571 
0.1875  0.8571 
0.2188  0.8571 
0.2500  0.8571 
0.2812  0.8571 
0.3125  0.8571 
0.3438  0.7857 
0.3750  0.7143 
0.4062  0.7143 
0.4375  0.6786 
0.4688  0.6786 
0.5000  0.6786 
0.5312  0.6429 
0.5625  0.6429 
0.5938  0.6071 
0.6250  0.6071 
0.6562  0.6071 
0.6875  0.5714 
0.7188  0.5357 
0.7500  0.5000 
0.7812  0.4643 
0.8125  0.3929 
0.8438  0.3929 
0.8750  0.3571 
0.9062  0.3214 
0.9375  0.0357 
0.9688  0.0000 
1.0000  0.0000 
